U,time,event,A,W,Z,X0,X1,X2,X3,X4,T0,T1,C0,C1,T,C,eta_t0,eta_t1,ITE_T1_minus_T0,CATE_XU_eq7
0.17627703572818604,0.1169757005125209,0,0,4.317240861006066,-0.35105726061739373,0.30471707975443135,-1.0399841062404955,0.7504511958064572,0.9405647163912139,-1.9510351886538364,0.27452007509633375,0.25341396873271244,0.1169757005125209,0.1169757005125209,0.27452007509633375,0.1169757005125209,1.3881854456436344,1.5081854456436345,-0.021106106363621313,-0.011003690962063946
0.8991234839991122,0.05671328489497702,1,1,1.296937326341228,3.7165490700611805,-1.302179506862318,0.12784040316728537,-0.3162425923435822,-0.016801157504288795,-0.85304392757358,0.06143676809209418,0.05671328489497702,0.17044536140805894,0.17044536140805894,0.05671328489497702,0.17044536140805894,0.36001574565829203,0.480015745658292,-0.004723483197117163,-0.021838560230231355
-1.4722706158336862,0.7533512404584242,1,0,-7.407687417274657,-4.298912180788767,0.8793979748628286,0.7777919354289483,0.06603069756121605,1.1272412069680329,0.4675093422520456,0.7533512404584242,0.6954308446378205,1.7304665416240292,1.7304665416240292,0.7533512404584242,1.7304665416240292,0.30576758688378836,0.42576758688378835,-0.05792039582060371,-0.02264281684088126
-0.2852981623875496,0.16414438579445165,1,1,0.822451675236215,-19.868397053771957,-0.8592924628832382,0.36875078408249884,-0.9588826008289989,0.8784503013072725,-0.049925910986252896,0.17781549036257865,0.16414438579445165,0.4548658074244208,0.4548658074244208,0.16414438579445165,0.4548658074244208,0.2309172318799832,0.3509172318799832,-0.013671104568127007,-0.02380136426353022
0.8291532953791201,0.11384533712227014,0,0,2.9485184305658985,-7.520928266490824,-0.18486236354526056,-0.6809295444039414,1.2225413386740303,-0.15452948206880215,-0.4283278221631072,0.2346696940384242,0.21662743056841982,0.11384533712227014,0.11384533712227014,0.2346696940384242,0.11384533712227014,0.7547317119252335,0.8747317119252335,-0.01804226347000437,-0.016785799274338348
0.06560014834259406,0.1569223583076251,1,1,4.7039048597712965,-1.0675171475809484,-0.3521335504882296,0.5323091855533487,0.36544406436407834,0.4127326115959884,0.43082100300788273,0.16999196138370637,0.1569223583076251,0.2563125035890862,0.2563125035890862,0.1569223583076251,0.2563125035890862,0.37798920770704775,0.49798920770704774,-0.013069603076081265,-0.021578445374900217
1.4673338120774801,0.09006506597274301,0,0,6.076079313092071,5.238531642515298,2.1416476008704612,-0.4064150163846156,-0.5122427290715373,-0.8137727282478777,0.6159794225754956,0.6842354693774638,0.6316289465598692,0.09006506597274301,0.09006506597274301,0.6842354693774638,0.09006506597274301,0.03911109827773765,0.15911109827773764,-0.05260652281759459,-0.027048015995134306
-1.5759233581869183,0.09732147698148173,1,0,-2.9545183372226593,-14.933408449664157,1.1289722927208916,-0.11394745765487507,-0.840156476962528,-0.8244812156912396,0.6505927878247011,0.09732147698148173,0.08983904625609648,0.907355989981693,0.907355989981693,0.09732147698148173,0.907355989981693,-0.6134118194191122,-0.49341181941911216,-0.00748243072538525,-0.04178882399459667
-1.6900017679461332,0.0634836332986081,1,1,-5.388992467732088,-2.830788018126414,0.7432541712034423,0.543154268305195,-0.6655097072886943,0.23216132306671977,0.11668580914072822,0.06877099896140153,0.0634836332986081,0.47414432626206626,0.47414432626206626,0.0634836332986081,0.47414432626206626,-0.09795553007441746,0.022044469925582538,-0.0052873656627934335,-0.029636046541799205
0.7696865166227178,0.06824975138746048,0,1,0.6927884914173016,-7.460869720088294,0.21868859672901295,0.8714287779481898,0.22359554877468227,0.6789135630718949,0.06757906948889146,0.1576296449480838,0.14551050192669773,0.06824975138746048,0.06824975138746048,0.14551050192669773,0.06824975138746048,0.9738256167050349,1.0938256167050349,-0.012119143021386058,-0.014504669680065394
0.8658072149327748,0.09088808127467533,0,1,2.1672235823666686,3.6574627902665595,0.28911939868998415,0.6312882258385404,-1.4571558198556664,-0.31967121635730134,-0.4703726542927955,0.20848236595000338,0.19245347994180864,0.09088808127467533,0.09088808127467533,0.19245347994180864,0.09088808127467533,0.5831266147755416,0.7031266147755416,-0.016028886008194743,-0.01882031075107916
-0.19325000683183333,0.28155210778269135,1,0,3.213814465828044,-0.5211025483464625,-0.6388778482433419,-0.27514225122668373,1.4949413112343959,-0.8658311156932432,0.9682783545914808,0.28155210778269135,0.25990535305381435,0.9497126346293038,0.9497126346293038,0.28155210778269135,0.9497126346293038,-0.2619856149381836,-0.14198561493818362,-0.021646754728877005,-0.03306068456455769
0.4003944000457243,0.2715612896397825,1,0,2.7481839696797445,5.949932178272297,-1.6828697716158048,-0.33488502998577485,0.1627530651050056,0.5862223313592781,0.711226579792855,0.2715612896397825,0.250682665512319,1.674504449188465,1.674504449188465,0.2715612896397825,1.674504449188465,-0.02677342115688519,0.0932265788431148,-0.020878624127463496,-0.02826252351776764
0.7452069776314066,0.08004703388032232,0,1,0.29397249645361356,8.683366200756346,0.7933472351999252,-0.3487250722484376,-0.46235179266456716,0.8579758812571538,-0.1913043248816149,0.16805751838448038,0.15513664235388638,0.08004703388032232,0.08004703388032232,0.15513664235388638,0.08004703388032232,0.8058505528008968,0.9258505528008968,-0.012920876030593997,-0.016223389875649592
-0.8138632058517464,0.23424180747311765,0,0,4.006485554505332,2.3939119704993574,-1.2756863233379219,-1.1332872140034806,-0.9194522860016113,0.49716074405376404,0.14242573607056525,0.23860990949830757,0.22026470786772348,0.23424180747311765,0.23424180747311765,0.23860990949830757,0.23424180747311765,0.13819363987187638,0.2581936398718764,-0.01834520163058409,-0.025319089300568837
-0.7068483750492992,0.08177369915468465,1,1,-4.426853672638048,4.8553480994784755,0.6904853540677682,-0.42725264633653426,0.15853969107671423,0.6255903939673367,-0.3093465397202384,0.08858439077021256,0.08177369915468465,0.5971171942951343,0.5971171942951343,0.08177369915468465,0.5971171942951343,0.3801281150697002,0.5001281150697001,-0.006810691615527914,-0.021547697771743732
0.1897261791986366,0.17009536978756012,1,0,11.85065531081779,-2.1161743538643205,0.45677523755741145,-0.6619259410666513,-0.3630538465650718,-0.3817378939983291,-1.1958396455890397,0.17009536978756012,0.15701781629557626,0.3428838025407342,0.3428838025407342,0.17009536978756012,0.3428838025407342,0.5744966333605633,0.6944966333605633,-0.013077553491983862,-0.018928902120044357
0.9040889598937201,0.3219237842352748,1,1,5.156343779572007,21.87192898781964,0.4869724807855818,-0.46940234020272387,0.01249411872768743,0.48074665890590895,0.4465311760299441,0.3487358722390569,0.3219237842352748,0.8021990817280252,0.8021990817280252,0.3219237842352748,0.8021990817280252,0.6946027814438633,0.8146027814438633,-0.026812088003782097,-0.017472342485305704
-1.1659569263579848,0.06488568560363069,1,1,-7.924903691313607,-10.6724013341843,0.6653851089727862,-0.09848548450942361,-0.42329831204415375,-0.07971821090639905,-1.6873344339580298,0.07028982409163637,0.06488568560363069,0.4905315267679957,0.4905315267679957,0.06488568560363069,0.4905315267679957,0.20054338337278182,0.3205433833727818,-0.00540413848800568,-0.02428823637576895
-0.19794763193501935,0.3573304585423397,1,0,0.8150548513560435,-3.9100939906043726,-1.4471124724230873,-1.3226996123544024,-0.9972468276014818,0.3997742267234366,-0.9054790553600608,0.3573304585423397,0.32985758734226583,0.9398362961359025,0.9398362961359025,0.3573304585423397,0.9398362961359025,0.5962095809957442,0.7162095809957442,-0.027472871200073856,-0.018656874205563383
-0.24423663170443868,0.2935035828576179,1,0,2.2741636547063497,6.0917589197205695,-0.3781625540393897,1.2992282977860654,-0.35626397106142593,0.7375155684670865,-0.933617680009877,0.2935035828576179,0.27093795505891144,0.3961356265117179,0.3961356265117179,0.2935035828576179,0.3961356265117179,1.052609896334668,1.1726098963346678,-0.022565627798706467,-0.013762503982130374
0.4179591050427642,0.003652125040370964,1,0,-1.4321569187695005,5.843254143909904,-0.20543755786763002,-0.9500220549105812,-0.3390330759005625,0.8403081374573955,-1.7273204231923487,0.003652125040370964,0.003371336323814389,0.09689625433868289,0.09689625433868289,0.003652125040370964,0.09689625433868289,1.2170983547262149,1.3370983547262147,-0.00028078871655657506,-0.012333126075357428
-0.008698370008834274,0.5401763468717579,0,0,-7.220341272442658,4.360318930792003,0.43442364354585733,0.2377356023322779,-0.5941499556967944,-1.4460578543884546,0.07212950771386951,0.6056098368610187,0.5590483399389501,0.5401763468717579,0.5401763468717579,0.6056098368610187,0.5401763468717579,-0.18745122281079632,-0.06745122281079632,-0.04656149692206857,-0.03145805918326158
-0.5458835838028594,0.12554518198147263,0,1,-6.136012409549357,3.5100940325091097,-0.5294927090638024,0.23267621135470395,0.02185214552344288,1.6017788913209154,-0.23935562747302427,0.4928961162197712,0.4550004619529578,0.12554518198147263,0.12554518198147263,0.4550004619529578,0.12554518198147263,0.5203762700596006,0.6403762700596006,-0.037895654266813406,-0.019624331686782116
1.2485657807574058,0.159587045992897,1,1,4.707347485162014,-13.945018912458007,-1.023497492621865,0.17927563495631615,0.21999668397176517,1.3591875752404365,0.8351112459145785,0.1728785830925541,0.159587045992897,0.29720169451926853,0.29720169451926853,0.159587045992897,0.29720169451926853,0.707082546394935,0.827082546394935,-0.013291537099657108,-0.01732757837612765
-0.53925748162082,0.08061784108871485,1,0,-10.43980262779376,11.523896913823737,0.35687105914950934,1.4633028912195618,-1.188763054322851,-0.6397515327497477,-0.9265759414055249,0.08061784108871485,0.07441964691939287,0.6438439697061876,0.6438439697061876,0.08061784108871485,0.6438439697061876,0.7403915753597137,0.8603915753597137,-0.006198194169321977,-0.016947042565843482
-0.29209636302145364,0.41495723510845867,1,0,-6.944289313837982,-2.149734024582779,-0.38980980315576796,-1.3766861475563088,0.6351509468144043,-0.22222269709877338,-1.4708062945026579,0.41495723510845867,0.3830538067800206,0.7927626295909477,0.7927626295909477,0.41495723510845867,0.7927626295909477,0.9749016720180864,1.0949016720180864,-0.031903428328438066,-0.014494268193454255
-1.5914976359196236,0.37534484780179544,1,1,1.1371004913341003,5.886218300295061,-1.0155790812075416,0.3135138474501953,0.8381265678943811,1.9967308916917865,2.9138624660073296,0.40660621954211057,0.37534484780179544,1.871998047546397,1.871998047546397,0.37534484780179544,1.871998047546397,-0.362652274934782,-0.24265227493478203,-0.031261371740315125,-0.035355568531307155
-0.7136258768458952,0.24242550261381313,0,1,-2.743619317836923,-15.43556437359957,0.4144094332759964,-0.9895381200318641,-2.132046280731309,0.2677114623438358,-0.812941095310326,0.5557159969587359,0.512990520741155,0.24242550261381313,0.24242550261381313,0.512990520741155,0.24242550261381313,0.4929586171172784,0.6129586171172784,-0.04272547621758083,-0.01998633208548202
0.51607607633905,0.07277469491088777,0,0,-2.3722548007392725,2.3046329204590026,-0.41535726017968533,-0.6120967990598081,-0.14079088641638526,1.0659802307876436,0.15704856744534462,0.21539447812324564,0.19883416367698667,0.07277469491088777,0.07277469491088777,0.21539447812324564,0.07277469491088777,0.7624575312307991,0.8824575312307991,-0.016560314446258967,-0.016699565505749286
0.3206019563548599,0.186860179500221,0,1,-1.8029866217471908,-2.8419278594559496,-0.1586348370386883,-1.0356537528258116,-1.674682944704357,-0.4863079090733309,-0.05378255081832049,0.3076201524561227,0.2839691912101958,0.186860179500221,0.186860179500221,0.2839691912101958,0.186860179500221,0.4589642639351411,0.5789642639351411,-0.02365096124592686,-0.020444451928246087
0.5995169900657619,0.15400906264281258,0,0,-6.6046840917751535,4.7196719809140575,1.767929913579883,0.13027452147288585,0.9827395110230576,-0.49929559853915206,-1.1849437664170246,0.47906659375997623,0.4422342037075999,0.15400906264281258,0.15400906264281258,0.47906659375997623,0.15400906264281258,0.41597787392351376,0.5359778739235137,-0.03683239005237632,-0.021038816571150785
0.5509822859456703,0.06344049726941413,1,0,4.734065737340415,2.8290778148278686,-0.9651167622323719,-0.7252260645357532,2.1284697324351645,-0.8213866792243861,0.838489203736345,0.06344049726941413,0.05856296005229292,0.20195902585971645,0.20195902585971645,0.06344049726941413,0.20195902585971645,0.12361355606668573,0.24361355606668572,-0.004877537217121211,-0.02556639221513968
2.087714036295154,0.07555201930627325,0,1,-0.789200869089099,5.842465472091359,-0.9029271780870264,0.9315730128742441,0.38495096610586316,-0.1566378976580904,-0.040762526135434025,0.1226809420529996,0.11324878299923559,0.07555201930627325,0.07555201930627325,0.11324878299923559,0.07555201930627325,0.983837015178717,1.103837015178717,-0.009432159053764017,-0.01440818400514994
-0.74785882744691,0.14209802001882374,1,0,-4.063129254088088,-8.226376108746367,-0.6547876954293904,0.44607220148208054,-0.45498348034078,-1.2256057637672482,-1.2779375743196193,0.14209802001882374,0.1311730050685516,0.27364646054950087,0.27364646054950087,0.14209802001882374,0.27364646054950087,-0.2153003183251504,-0.0953003183251504,-0.01092501495027215,-0.0320475669995645
-1.6194237434347885,0.05945848807816294,1,0,-1.3348858747049024,-2.8298921005052686,0.17258791772211948,1.579091256410435,0.15999161357343825,-0.11863832610988256,0.2858261396025429,0.05945848807816294,0.054887102276387115,0.2123005741471273,0.2123005741471273,0.05945848807816294,0.2123005741471273,0.544390774953847,0.664390774953847,-0.0045713858017758235,-0.019312654197881446
-1.0505529960715239,0.0576619714511232,1,1,-3.373231319454609,-3.301638100718016,1.3060017417068248,0.21938250136385634,-0.41092723083373717,1.1062887100598888,0.4287564384616135,0.06246446796964442,0.0576619714511232,0.589448436304137,0.589448436304137,0.0576619714511232,0.589448436304137,0.15935635444953272,0.2793563544495327,-0.004802496518521222,-0.024964383589290044
-0.7036518358315914,0.278287574303069,1,1,-4.371462523888512,3.5613034825845062,1.535755991995992,0.18323443722190613,-1.2244690317205003,-1.368159199245665,1.6509279322312496,0.3014653303371488,0.278287574303069,1.8633140020544094,1.8633140020544094,0.278287574303069,1.8633140020544094,-0.8129738086047519,-0.6929738086047519,-0.02317775603407979,-0.04773525681044705
-0.9743269366169109,0.23269382810118144,0,1,-12.034573649056634,5.120059020614276,1.723665720783297,-0.17951921328260065,-0.38318732113598775,1.4614442922422022,-1.107045682043488,0.32301889481922125,0.2981840219993685,0.23269382810118144,0.23269382810118144,0.2981840219993685,0.23269382810118144,0.4870563941523933,0.6070563941523933,-0.02483487281985275,-0.020065129536001647
0.09366084764485418,0.11223352479099999,1,0,1.6464963107849517,1.4813437312691553,-0.8947270189558264,0.6433267946890444,-0.3946051228595896,-0.005121866720071296,-0.16344289852451258,0.11223352479099999,0.1036046013471618,0.14494539148331584,0.14494539148331584,0.11223352479099999,0.14494539148331584,0.23296841766265688,0.35296841766265685,-0.008628923443838185,-0.023768839160284595
1.2526549055570213,0.0779870617607499,1,1,0.7627103894245906,-7.920751667102208,0.33757454879893356,1.4074818613137168,0.09058490690174555,0.6439387932768579,-2.0501721010310225,0.08448237545138865,0.0779870617607499,0.2345812821510082,0.2345812821510082,0.0779870617607499,0.2345812821510082,1.907084085589501,2.027084085589501,-0.006495313690638743,-0.007785774853186423
1.5396590729699147,0.03196462327210251,0,0,-0.08171493088901505,3.890482275604314,-0.04871840193011795,-0.8432302702928711,-1.218813060423628,-0.8781523669287508,-0.33412344070081207,0.3032161150763753,0.27990375231485326,0.03196462327210251,0.03196462327210251,0.3032161150763753,0.03196462327210251,0.6803711293102243,0.8003711293102242,-0.023312362761522043,-0.017638904922203623
0.5043085018466044,0.20854161751406966,1,0,-3.8345556794169555,20.011033691246695,0.9159025423560131,-1.326392717739564,0.030631492594417446,-0.4841694333335785,-0.32767309436196085,0.20854161751406966,0.19250817602914724,1.9150831148107466,1.9150831148107466,0.20854161751406966,1.9150831148107466,0.9283279786134205,1.0483279786134205,-0.016033441484922417,-0.014951362057464402
2.1412722154540154,0.11589147970048683,0,0,2.986876112613801,14.755027817915288,1.0027578253046041,0.5381154370039261,1.3373981074427437,-0.15450567924990047,-0.695942611670703,0.21756935380999948,0.200841826974788,0.11589147970048683,0.11589147970048683,0.21756935380999948,0.11589147970048683,1.0956607580523596,1.2156607580523597,-0.016727526835211476,-0.013373126616512123
-0.3563730565664191,0.03492129543600706,0,1,1.9903957507594154,-21.98052712868185,-0.22385881688049952,0.2424967912712216,0.17657335845371103,-1.0843880722333665,0.09048978162787422,0.3846907241658964,0.35511429578085135,0.03492129543600706,0.03492129543600706,0.35511429578085135,0.03492129543600706,-0.21178713568773108,-0.09178713568773109,-0.02957642838504504,-0.031972595526026194
-1.6325190420024265,0.042793884855876284,1,1,-2.5252209134911983,-2.3180253599217036,0.22822833013890514,2.5174740375339204,1.8768446112816701,-0.8532433505588201,-0.2873833615491761,0.046358062039942034,0.042793884855876284,0.5531905105103552,0.5531905105103552,0.042793884855876284,0.5531905105103552,1.8332288838356368,1.9532288838356369,-0.0035641771840657505,-0.00817871569724455
1.0531780678881695,0.05309002715374699,0,0,9.594784342782647,7.896799830789551,-1.4634420018370031,-0.5907070139634865,0.3156050035903405,1.2058536208882336,-0.7290838377436085,0.18411659852012793,0.16996104173503554,0.05309002715374699,0.05309002715374699,0.18411659852012793,0.05309002715374699,0.840713235068379,0.960713235068379,-0.014155556785092394,-0.01585067731534159
-1.8385943917490626,0.2475831817011488,1,1,1.6599145822206949,-3.602099804872384,-0.6541464400677965,-2.147289029738655,-0.16266592054490767,-1.062414411859563,-0.5294394273660737,0.26820365891067394,0.2475831817011488,0.4122827148911036,0.4122827148911036,0.2475831817011488,0.4122827148911036,0.8751581513397967,0.9951581513397967,-0.020620477209525145,-0.015490841134426921
-0.7550030226998042,0.2907348334887897,0,0,-0.900340231744413,-3.052894160268157,-0.8768607781675882,-0.09426255425255699,-1.7577283913566313,-1.4670452453909906,2.129247112028298,1.5437820355353196,1.4250904322606877,0.2907348334887897,0.2907348334887897,1.5437820355353196,0.2907348334887897,-1.1349289850743922,-1.014928985074392,-0.11869160327463191,-0.05916363299849109
0.5201122324227964,0.037156189431848514,1,0,4.649589814369038,-3.039466036986432,-1.287422581274031,-1.0967855784546396,1.836913528321314,2.905067169240407,-1.1715666288253417,0.037156189431848514,0.034299485833977725,0.042933717548633815,0.042933717548633815,0.037156189431848514,0.042933717548633815,1.705125839798828,1.8251258397988281,-0.0028567035978707897,-0.008907887875923172
-0.10238148004878078,0.3228836342603909,0,1,0.6165036718617491,3.6993890638786726,-0.36824895678803055,0.34155555094050954,1.7286976444055924,-0.9868570784282374,-0.24527784594210975,0.3538222442703422,0.3266190974011581,0.3228836342603909,0.3228836342603909,0.3266190974011581,0.3228836342603909,0.04908448390501752,0.1690844839050175,-0.027203146869184125,-0.026868772348159486
-0.1909527628715059,0.23532518696650317,1,1,-0.9948583951609941,-8.671532500774433,0.777337576061744,0.43476607446661863,-0.37615607123009925,-0.13382296451604114,-1.3748958083699818,0.2549247317390046,0.23532518696650317,0.2855433405313189,0.2855433405313189,0.23532518696650317,0.2855433405313189,0.4731637088574009,0.5931637088574009,-0.01959954477250142,-0.020251831820105197
-1.180790032820006,0.19803129820962861,1,1,4.91784150697121,7.153563145049461,-0.23817374397466523,-0.2663874900089551,0.23216988962625595,-0.555327218819016,0.471538522545139,0.21452474434537389,0.19803129820962861,0.42508511630587736,0.42508511630587736,0.19803129820962861,0.42508511630587736,-0.37643479719998185,-0.25643479719998186,-0.01649344613574527,-0.03568192484661927
-0.010802389433337011,0.09781627959393736,1,0,-4.506069821873965,-0.6721198604335156,1.0127158178198286,0.15542932766846604,0.35175640839920347,0.053155347577867364,8.439309141418043e-05,0.09781627959393736,0.0902958066358891,0.5229233648662849,0.5229233648662849,0.09781627959393736,0.5229233648662849,0.2975777444507544,0.4175777444507544,-0.007520472958048266,-0.022766782353709394
1.0036624887377918,0.16554751035922977,1,1,1.7606103739291907,-6.043338571426949,-0.7215580335428474,0.316494261673308,-0.09728659841348947,2.093168308930595,1.5733549024752425,0.17933547705793984,0.16554751035922977,0.4429225989649516,0.4429225989649516,0.16554751035922977,0.4429225989649516,0.8044755671953407,0.9244755671953407,-0.013787966698710075,-0.016238267978701836
0.01996791653601892,0.13539266362455202,1,1,5.492366625215831,8.176812389684068,0.3858465525565008,-0.7630572096947675,-1.112411471983418,1.191142953088865,0.2627492251471385,0.146669121562543,0.13539266362455202,1.225621975292865,1.225621975292865,0.13539266362455202,1.225621975292865,0.724661941182157,0.844661941182157,-0.01127645793799098,-0.017125691476054368
-0.8302258796410609,0.19288860289794238,1,0,0.6790250852143831,-13.27333305441464,0.4801434033916108,-1.7445859869741926,0.9274384815581808,0.45442033821436295,-1.110430684414478,0.19288860289794238,0.1780586223667712,1.104029048910751,1.104029048910751,0.19288860289794238,1.104029048910751,1.4521468719671113,1.5721468719671114,-0.014829980531171183,-0.010544346163937804
-1.2475384605973305,0.07318380013116703,1,1,-3.604537862803732,-5.8070653238991,-0.47152480744994896,0.2637172043565196,0.05246679835624363,-0.292171185803555,-0.10348826806596086,0.07927906424540217,0.07318380013116703,0.1883331052247221,0.1883331052247221,0.07318380013116703,0.1883331052247221,-0.2732979352794668,-0.15329793527946678,-0.006095264114235138,-0.03331095579749627
-0.8095945829555786,0.08358515620268102,0,1,-8.531042564847889,-4.882143921406148,-0.25197737820688537,0.15256251210246857,1.471491972993157,-2.5666584409312976,-0.23685026450968424,0.4309577583549133,0.3978241513395622,0.08358515620268102,0.08358515620268102,0.3978241513395622,0.08358515620268102,-0.6813815506901624,-0.5613815506901624,-0.03313360701535106,-0.043725964956119835
0.3923337524143584,0.024083028377500797,0,1,-10.071763219555901,17.223161828499094,0.17651242137244696,0.2959939896870995,-0.37191458132128985,-1.7567217824785826,0.32799548371410964,0.21634309485442316,0.19970984728799251,0.024083028377500797,0.024083028377500797,0.19970984728799251,0.024083028377500797,-0.18963800907452405,-0.06963800907452405,-0.016633247566430642,-0.03150395399698612
0.3436022623597101,0.3221658171460405,1,1,10.985768807759142,-4.895871018543102,1.727350214164185,-1.5338614049161376,0.8638280136981883,-0.3285252231228939,-0.0613243458288473,0.348998063361241,0.3221658171460405,1.576989384622289,1.576989384622289,0.3221658171460405,1.576989384622289,0.9791814123673458,1.0991814123673458,-0.026832246215200528,-0.014452972663236786
-0.8005071005956687,0.2657956094454368,1,1,1.519551069399234,-17.57969348469052,-1.052898510703949,-0.33445617235587666,1.3000445946989585,0.582655241987707,1.732311605409944,0.2879329463570257,0.2657956094454368,0.6868506377910213,0.6868506377910213,0.2657956094454368,0.6868506377910213,-0.3029392981194938,-0.18293929811949383,-0.022137336911588923,-0.033975757458217896
-2.210759421982058,0.4569400094619066,1,0,-5.8537168598692215,-8.48059114032787,1.1774118889776937,0.4390866789295762,1.743934526167792,0.43899315873829875,0.8279881767970589,0.4569400094619066,0.42180879205235,0.785884654174252,0.785884654174252,0.4569400094619066,0.785884654174252,-0.20254084049153276,-0.08254084049153276,-0.0351312174095566,-0.03177611634538589
0.4200127636721649,0.19916446913836244,1,0,1.5393637295370164,3.7902485325912156,-0.29657095353470836,0.06654581585920483,-0.6974238233002769,0.989583934594853,-1.1783036231148656,0.19916446913836244,0.183851977081039,0.4969301816710973,0.4969301816710973,0.19916446913836244,0.4969301816710973,0.8208144443706349,0.9408144443706349,-0.015312492057323435,-0.016062351102104015
-0.897707398975251,0.19793181291960926,1,1,-5.136847365316315,3.6913004249969807,0.7823503424176613,-0.19065105750515945,1.1712470934673194,0.7508689887312598,1.8206461576468016,0.21441697321727202,0.19793181291960926,0.7171437414724305,0.7171437414724305,0.19793181291960926,0.7171437414724305,-0.025744895711929533,0.09425510428807046,-0.016485160297662754,-0.028243151010514438
0.6890624790152835,0.06790342969653108,1,1,-0.0033710468851408937,18.15435141650641,0.7307746911386448,-1.5720402556532407,-0.06695317289820084,-1.172007192594816,-0.5182798423662747,0.07355890724102786,0.06790342969653108,0.8116438325259706,0.8116438325259706,0.06790342969653108,0.8116438325259706,1.0605369519343448,1.1805369519343447,-0.005655477544496773,-0.013689965068116518
-0.7561096421277498,0.05379483573784462,0,1,-6.2427771808373365,9.761595951944708,1.5112284332767216,0.637533810897696,-0.6989304285787463,-1.013717366440399,0.03278209287626079,0.49094679272860714,0.4532010095738689,0.05379483573784462,0.05379483573784462,0.4532010095738689,0.05379483573784462,-0.25695845944006007,-0.13695845944006008,-0.037745783154738255,-0.03295006922680897
-0.9879004536698087,0.09687935256541892,1,1,-7.572777259448845,-0.5635171702243007,-1.2165601493811278,-0.6711402773965811,0.31200947155124387,1.1553120361066962,0.6087614722244398,0.10494814975884115,0.09687935256541892,1.1201975086079978,1.1201975086079978,0.09687935256541892,1.1201975086079978,0.00857106945581855,0.12857106945581853,-0.008068797193422225,-0.027604358474020166
0.15317190725958432,0.12881796240551685,0,0,-8.922846818267576,-6.214438469584945,-2.2912895085981,0.3043667290302598,0.07203357323257792,0.41389028537269307,1.6162096816512073,0.8350479278542815,0.7708463922185753,0.12881796240551685,0.12881796240551685,0.8350479278542815,0.12881796240551685,-0.6861638360650808,-0.5661638360650808,-0.06420153563570619,-0.04386559411515171
2.357699230026369,0.08295520947726924,0,0,-2.3776371994789214,16.173444880862387,-2.063238276804743,-0.5911034251911056,0.5909063227933546,-1.5815943994539423,1.475949048053509,0.3324967628322198,0.30693319689106247,0.08295520947726924,0.08295520947726924,0.3324967628322198,0.08295520947726924,-0.27673130389370704,-0.15673130389370704,-0.02556356594115733,-0.033387288984255976
0.7490299911165732,0.13414450746415651,0,1,5.591421809236843,-1.6721688203697416,0.3683566127006584,0.846583985843404,-0.5709436615217945,0.8137636899662105,1.0684715559890383,0.3669961674738792,0.33878016125638527,0.13414450746415651,0.13414450746415651,0.33878016125638527,0.13414450746415651,0.7650684486573679,0.8850684486573679,-0.028216006217493927,-0.016670523330925176
0.1362192992058518,0.42701460104538524,1,0,-4.467140077756273,-4.399797827773707,0.23287802013716835,0.23440089269869593,0.2703432392817259,-0.8633452647393817,-0.14752868024035293,0.42701460104538524,0.3941841583707629,0.7660551557917957,0.7660551557917957,0.42701460104538524,0.7660551557917957,0.11745557727586706,0.23745557727586705,-0.03283044267462232,-0.025671566154400888
0.3588515363809683,0.08271569118210523,1,0,3.4043847135550984,-2.4444138709362364,-0.1525225324523588,0.3833938643534951,0.9998242469102946,-1.0585360819784093,-0.12500903031957764,0.08271569118210523,0.07635620663287025,0.6887849885588823,0.6887849885588823,0.08271569118210523,0.6887849885588823,0.16108896870579342,0.2810889687057934,-0.0063594845492349755,-0.024935564472028365
-1.7511158614855973,0.06278468115503373,0,0,1.938564780686801,-11.714093570593263,1.4814555476589732,-0.7435882288125641,-0.8222500172903203,0.20230619183119358,0.8443851904853201,1.2774171619931245,1.1792046633906788,0.06278468115503373,0.06278468115503373,1.2774171619931245,0.06278468115503373,-0.2464392609841259,-0.12643926098412592,-0.09821249860244574,-0.03271980535605597
-1.1223403707525563,0.04594496533186409,1,1,-1.9064110113630492,-5.717543715283153,0.01142605556065933,1.3289605904369892,0.8567939825665268,0.8418200668900618,0.5541165013240933,0.04977158676878268,0.04594496533186409,1.1961447957939186,1.1961447957939186,0.04594496533186409,1.1961447957939186,0.6974678459019215,0.8174678459019215,-0.003826621436918594,-0.017439001411914498
-2.510928865047139,0.45298668926640473,1,1,-6.6724871418304135,-5.646929895089249,2.327653100346085,-0.2051616888660442,-2.003522292066514,1.604254361517141,-0.45769943095682564,0.4907146223111912,0.45298668926640473,1.399075995813877,1.399075995813877,0.45298668926640473,1.399075995813877,-0.1990740790789854,-0.0790740790789854,-0.037727933044786444,-0.03170276100386954
1.7298738945766226,0.006011419515280083,0,0,1.8550305853011766,9.008700038653862,0.10788044434303304,1.309550684860527,-1.6022595410589253,-1.2516472141061394,-1.6012779371188537,0.09246777337137183,0.0853585131130882,0.006011419515280083,0.006011419515280083,0.09246777337137183,0.006011419515280083,1.1827262001141325,1.3027262001141326,-0.007109260258283623,-0.012618999674490122
1.5273860291557484,0.07949135526375566,0,1,-0.09512188411622002,-0.8670216710146601,-0.7941362900254239,0.43963660601699356,0.524187842812771,0.27627417932855375,-1.4127658838923665,0.36151681346717335,0.333722080005156,0.07949135526375566,0.07949135526375566,0.333722080005156,0.07949135526375566,1.022622850367649,1.142622850367649,-0.02779473346201733,-0.01404040375093388
0.3928185262149098,0.15291937677116307,0,1,6.851791267896637,-8.488180247925909,-2.310103436632644,0.054353585390382264,-0.47177603363833576,0.45938577171661177,0.7019536262212701,0.3222644725088293,0.297487602432567,0.15291937677116307,0.15291937677116307,0.297487602432567,0.15291937677116307,-0.48711184362581783,-0.36711184362581784,-0.02477687007626228,-0.0384142679342126
0.13511510308420474,0.04858839788567613,1,0,8.513921664818321,-11.928700556384822,0.13824143205868192,0.7601330853758538,0.22921137411506842,0.5300647056014667,-0.7046732628698824,0.04858839788567613,0.04485274433300549,0.5928927774639066,0.5928927774639066,0.04858839788567613,0.5928927774639066,0.8072181678032816,0.9272181678032816,-0.003735653552670637,-0.016208605049068264
-1.5515900024975802,0.3684879329013625,1,0,5.035332688685267,-0.8797947032844597,-0.17961141383145854,0.19677609665695725,0.8205284754174188,-0.3937411722245721,0.5211672557321126,0.3684879329013625,0.34015723430746964,0.7224716080537091,0.7224716080537091,0.3684879329013625,0.7224716080537091,-0.4072236451998777,-0.2872236451998777,-0.028330698593892867,-0.036421896734474164
-0.21929996025069107,0.14407084485796834,0,0,-10.3094704217834,0.6775226359034545,-0.265838791915379,-0.11754216732813036,0.829519042024073,-1.993060371054156,-1.296472328074761,0.4513217106612574,0.41662244859058634,0.14407084485796834,0.14407084485796834,0.4513217106612574,0.14407084485796834,-0.16542144512474968,-0.04542144512474969,-0.03469926207067109,-0.03099942592302183
1.7923918784038924,0.02620588587508356,1,1,1.5210605857582928,-1.3651530584487386,-1.4821853974428207,-2.3336161198483047,-0.6782644401551767,0.7494338997277404,-0.28488406638257474,0.02838849726544389,0.02620588587508356,0.6102117673348845,0.6102117673348845,0.02620588587508356,0.6102117673348845,2.50376559430239,2.62376559430239,-0.002182611390360332,-0.005230519790235894
0.1314159981957143,0.1375854556585256,1,0,0.5618842886932883,-3.628769473403831,0.19779008194185213,1.0892174967107926,1.3276861322676916,-0.06913793472613955,1.3535858895693973,0.1375854556585256,0.12700738314343865,0.8827470383951859,0.8827470383951859,0.1375854556585256,0.8827470383951859,0.5180675073506206,0.6380675073506206,-0.01057807251508694,-0.019654560227781784
-0.5646464662118963,0.663960662461202,1,0,1.5078952340509972,2.7737810765897155,0.09212665843410921,-0.8373982238274621,-0.5944003521987352,-1.4805365125650163,-0.8881338537336524,0.663960662461202,0.6129129408756351,2.553759085897658,2.553759085897658,0.663960662461202,2.553759085897658,0.0005185016468621795,0.12051850164686218,-0.05104772158556692,-0.027752947604136918
-1.7580706600036133,0.28612081767027436,1,1,-10.249353103318013,7.587608225972141,-0.35801668807442916,0.8035850193786016,1.7207698311659838,-1.38218151537704,0.39282746825991893,0.30995098157479295,0.28612081767027436,0.5303761252894669,0.5303761252894669,0.28612081767027436,0.5303761252894669,-0.516578203364462,-0.39657820336446203,-0.023830163904518586,-0.03917634775884871
1.380305727730805,0.2501079644666128,1,0,-5.586793447302922,-2.6965059180359963,-1.0405439391575344,0.47469708846320197,-0.1310866506877266,-1.8309058258475304,0.9282969915684843,0.2501079644666128,0.23087875036061817,0.4879291191328204,0.4879291191328204,0.2501079644666128,0.4879291191328204,-0.19094009230786935,-0.07094009230786935,-0.019229214105994652,-0.031531313050045286
-0.07008380102765632,0.12362551301626568,0,1,6.460254617026222,1.2888753482985773,-0.605000712808731,-0.5339002383735546,-1.06975241128969,-0.6542832766875555,0.4278904406949172,0.1889796380939168,0.1744501930587252,0.12362551301626568,0.12362551301626568,0.1744501930587252,0.12362551301626568,-0.1300939288420031,-0.010093928842003108,-0.014529445035191602,-0.030277867745680732
-1.7567338533628292,0.3824597398089151,1,0,-5.666038362103669,3.72842392587731,-0.18924434093640552,0.32866200228248105,0.3619218539288437,1.320661655528167,-0.3427861508643793,0.3824597398089151,0.3530548376523891,0.8084510226499557,0.8084510226499557,0.3824597398089151,0.8084510226499557,0.20792973732786607,0.32792973732786607,-0.029404902156526025,-0.024168929357593957
-0.924265682071542,0.3167213569378837,1,1,-8.785646831462643,-7.253977757500341,-1.4768578168457318,1.067222416571983,-0.3314881720972547,1.114592444577377,0.3833771131824704,0.3431001500272739,0.3167213569378837,0.6882802402502955,0.6882802402502955,0.3167213569378837,0.6882802402502955,0.139254318267039,0.259254318267039,-0.026378793089390173,-0.025301192021729358
-1.2775380173581303,0.029282079042617374,1,1,-7.107559063174471,-3.5998388169627895,-0.13113753020334493,0.3487758940462951,1.9510125601262995,2.076980529053753,0.0693811351327787,0.03172089754150333,0.029282079042617374,0.05291009457207167,0.05291009457207167,0.029282079042617374,0.05291009457207167,0.6022274688157786,0.7222274688157786,-0.002438818498885959,-0.01858217416721404
-0.13174352571197195,0.020861350926967726,0,1,0.8426002315023136,-0.29762452567112885,0.1601905933170753,1.0762401574663856,-0.8456610327673472,0.3330703726182551,-0.0258628479538564,0.1731454589887149,0.1598334034950996,0.020861350926967726,0.020861350926967726,0.1598334034950996,0.020861350926967726,0.6691420870791842,0.7891420870791842,-0.013312055493615277,-0.017771445744248247
0.2073389696128186,0.23215906121780958,0,1,-3.7736296258245634,-7.977637020422278,0.3139082114575536,-0.8333688059494058,-1.589567493308969,-2.0729834359912918,-1.1173841129896078,0.2949811441983701,0.2723019160853488,0.23215906121780958,0.23215906121780958,0.2723019160853488,0.23215906121780958,0.06568198638775524,0.18568198638775524,-0.02267922811302131,-0.026573108116872492
-0.5032170642785246,0.014394848245545995,1,0,0.6492920420426753,-0.7131894254257791,-0.458675284939333,-0.2931915866487618,1.9372311624295169,1.1059933699072981,-0.9620911163416273,0.014394848245545995,0.013288119719218495,0.0789836438045091,0.0789836438045091,0.014394848245545995,0.0789836438045091,0.662192601947872,0.782192601947872,-0.0011067285263275002,-0.01785397169957366
0.7770465964868817,0.371106694765421,1,0,-3.3085195990313867,1.420306299779851,0.34770845245095694,-0.4070782363503251,-0.28436383804009513,0.18532564941538202,0.6191711169753933,0.371106694765421,0.3425746561914759,0.9085101976450722,0.9085101976450722,0.371106694765421,0.9085101976450722,0.498813441931607,0.6188134419316069,-0.028532038573945095,-0.019908473152441084
0.07880224047244168,0.36513230573223243,1,0,-8.023942160404504,4.813312640007716,-0.33925848388401536,1.0638515327343585,-1.141938226142404,0.006339062362268442,2.5976737265958323,0.36513230573223243,0.33705960001526647,0.39325576980661436,0.39325576980661436,0.36513230573223243,0.39325576980661436,0.055013213758119184,0.17501321375811918,-0.028072705716965962,-0.02676278348409696
1.06231238527213,0.05801152030131211,1,1,7.60935795602782,-7.403944144211277,0.2230797426252751,1.4332145066061728,0.09152017817320818,0.5807770953297967,-0.056783194392691534,0.06284312971857473,0.05801152030131211,0.366719863077479,0.366719863077479,0.05801152030131211,0.366719863077479,1.4837584325534223,1.6037584325534224,-0.004831609417262614,-0.010324455835926895
-0.3571940780807189,0.19934499067494393,1,0,2.2575810075020746,-0.2300097982983211,-0.17040758116420443,-0.7794823967254196,0.4303013589575532,-0.8515371891857679,0.6655852363134291,0.19934499067494393,0.18401861946233225,0.7642375907529952,0.7642375907529952,0.19934499067494393,0.7642375907529952,-0.03967515607279554,0.08032484392720446,-0.015326371212611684,-0.028506662341773046
3.0453255920111455,0.016994564978798747,1,1,2.294139624791021,14.530165381892086,1.08528700444591,0.36653140723722993,-0.28624873355569186,0.4539655793086961,-0.3086730555464126,0.01840999246229444,0.016994564978798747,0.06220787629342087,0.06220787629342087,0.016994564978798747,0.06220787629342087,1.2325246618869754,1.3525246618869753,-0.0014154274834956918,-0.01220693965695233
-0.5644887234739576,0.12518275573017504,1,0,-2.9838375467648715,15.17483445181075,0.9355471254651493,-1.8314060842151236,-0.3356073681186462,-1.9908119951239978,-1.495060830227205,0.12518275573017504,0.11555824810024988,0.2359040726409938,0.2359040726409938,0.12518275573017504,0.2359040726409938,0.8849580988644008,1.004958098864401,-0.009624507629925158,-0.015389964734233803
-0.9033299917558719,0.368349293900478,1,0,3.986271295113103,8.674592687027367,1.3638622298139094,0.895184981971686,-0.7194802332847904,-1.502503456040897,-2.964528837841651,0.368349293900478,0.3400292543795064,1.3290849413503665,1.3290849413503665,0.368349293900478,1.3290849413503665,0.2731452328077282,0.3931452328077282,-0.028320039520971618,-0.023140652063093143
-1.0263005500957576,0.13341435586402975,1,0,0.743428589439159,-10.000153102001239,-0.5434955079326346,2.4204150122474024,0.4348842714636474,-0.5595722860494895,0.46508020950030626,0.13341435586402975,0.12315697274072959,0.3480372700007012,0.3480372700007012,0.13341435586402975,0.3480372700007012,1.5659903111260989,1.685990311126099,-0.010257383123300157,-0.00977369097726096
-0.21094072655430532,0.009475476518444154,0,1,5.956217653566799,3.180589309108255,-1.5609583529944429,-0.29732336269763543,0.09947747301573849,-0.08610065182104851,0.7908061216900806,0.9501689845409845,0.8771165214593734,0.009475476518444154,0.009475476518444154,0.8771165214593734,0.009475476518444154,-0.417663103072782,-0.297663103072782,-0.07305246308161117,-0.036676264097950474
-1.7195360908657837,0.08168831087983507,1,0,-5.540726829010073,-6.178852164301208,0.34464522623605237,0.668326018107997,-0.6883722822307594,0.8978154084105481,1.6289369476239914,0.08168831087983507,0.07540781508188903,0.4479376958563171,0.4479376958563171,0.08168831087983507,0.4479376958563171,-0.15110674980379513,-0.03110674980379513,-0.00628049579794604,-0.030705001464817125
0.29456284382781067,0.5803719016623559,1,0,2.198240705327114,2.26185512649021,-0.9701495196514126,-0.8876956557145598,1.3357843363202329,-0.19134398669506028,1.403821392066557,0.5803719016623559,0.5357507894080179,1.2183688607383463,1.2183688607383463,0.5803719016623559,1.2183688607383463,0.15978641204399974,0.27978641204399973,-0.04462111225433796,-0.02495722720005642
-1.905303769564807,0.2679227083639404,1,0,-0.9440309512616842,-8.537203456514415,-0.4425357118921839,1.4550455762707113,0.13148581680545218,0.2582288233226952,1.5647180216699044,0.2679227083639404,0.24732383165893276,0.6585327734625831,0.6585327734625831,0.2679227083639404,0.6585327734625831,0.09974401126593091,0.2197440112659309,-0.020598876705007624,-0.025976485235531782
0.16167092405723113,0.20025883986277926,1,0,-2.6447215174254888,-12.441889816125924,-0.36177047744417123,-0.9411220959249583,-0.44856420802835434,0.4523339506431387,-1.5657590721805144,0.20025883986277926,0.18486220858575517,0.5250891271178028,0.5250891271178028,0.20025883986277926,0.5250891271178028,0.9465520938434169,1.0665520938434168,-0.015396631277024092,-0.014770810843749232
-1.3512517440963532,0.9037068905099986,1,0,-1.8778203768613764,-4.10152993830892,0.6374709026511215,-0.5387713176177432,1.1478126607335635,-2.3942603049004716,-0.7865657751041687,0.9037068905099986,0.8342266029720173,0.9949425685048358,0.9949425685048358,0.9037068905099986,0.9949425685048358,-0.5252980289395826,-0.40529802893958256,-0.0694802875379813,-0.039404751608965
-0.38129340738009276,0.47211211259056923,1,1,-2.5940431765513394,4.8495648806923715,-1.686468151234102,-0.8262294663639526,0.24766590110894313,-0.1792266254497549,-0.25337756894801494,0.5114329460620676,0.47211211259056923,0.601643577620583,0.601643577620583,0.47211211259056923,0.601643577620583,-0.16355944195972186,-0.04355944195972186,-0.03932083347149834,-0.030960969110740248
0.6045403991323594,0.1736056898224773,1,0,2.560416700190493,3.159443203940682,-0.1591848713800608,0.20338824061994343,-1.0085360419431078,0.7068496408990508,0.6626659703854839,0.1736056898224773,0.1602582501008568,0.2839358689998866,0.2839358689998866,0.1736056898224773,0.2839358689998866,0.4676013665325429,0.5876013665325429,-0.013347439721620502,-0.02032706964759924
2.3040376838763534,0.18175087844641044,0,1,-3.5069610670202267,5.429644431733246,0.385037937656101,0.5565334427512632,0.2964180008086595,2.0350733027310675,-0.0870941710525099,0.299788871379397,0.2767400076351221,0.18175087844641044,0.18175087844641044,0.2767400076351221,0.18175087844641044,1.675490347705158,1.795490347705158,-0.02304886374427495,-0.00908563102331483
-1.078000520781157,0.0454532584814537,1,1,1.139803631530758,0.8418305023370776,-0.30708321833457675,-0.7535275803573779,-1.0322626705778368,-1.2444717876010754,-0.8887973132309185,0.04923892709664591,0.0454532584814537,0.5089839763376304,0.5089839763376304,0.0454532584814537,0.5089839763376304,-0.22166565399978766,-0.10166565399978766,-0.0037856686151922087,-0.032183851641886245
-0.1503174494263918,0.09317583890885933,1,0,1.5974455792944713,3.1093168780301568,-0.07068038165207131,0.3342951284977145,0.051142058552161786,-0.765535277429713,0.9001845640199633,0.09317583890885933,0.08601213998505597,1.8270511398774816,1.8270511398774816,0.09317583890885933,1.8270511398774816,-0.16520885596921675,-0.045208855969216755,-0.007163698923803363,-0.030995032806486144
-0.7237586747755422,0.607839572482107,1,1,-2.3821401107777356,2.7596583676371873,0.7394126723009475,-0.159648307422017,-0.652916144664712,0.5484279208297995,0.18797358748610446,0.658464748090942,0.607839572482107,1.5612510772002848,1.5612510772002848,0.607839572482107,1.5612510772002848,0.1564691029519597,0.2764691029519597,-0.05062517560883506,-0.02501248216794018
-0.8698703225607956,0.1783845099204147,1,0,1.5101208949247327,-2.9029468483150844,-1.4481272594150476,-0.0679802559844049,0.26203581207438104,-0.8996947864877538,0.189843392837443,0.1783845099204147,0.16466965704970385,0.7265256796675952,0.7265256796675952,0.1783845099204147,0.7265256796675952,-0.7466025169294733,-0.6266025169294733,-0.013714852870710864,-0.04566913713626936
-0.7149733299695444,0.08708821244411691,0,1,-2.530100702481837,-0.6433763569997107,-1.4548224852577891,1.3361861000121709,1.2479499850594318,-0.25251733430296475,0.36345433783907316,0.3951240680309688,0.36474548605017243,0.08708821244411691,0.08708821244411691,0.36474548605017243,0.08708821244411691,0.1254576714036867,0.24545767140368668,-0.03037858198079635,-0.025534979944382467
0.8240664756369391,0.1989844790157066,0,0,-0.5441260423079557,14.846900914382935,-2.409921965799875,-1.1563476602653329,-0.2937789201521298,-1.0721330214268592,0.7143964826306588,1.0074648318167887,0.9300072546597405,0.1989844790157066,0.1989844790157066,1.0074648318167887,0.1989844790157066,-0.39398512455016454,-0.27398512455016455,-0.07745757715704815,-0.036101863048001996
-0.48805586423037967,0.3878476723439432,1,1,2.188736316390701,0.40677443431181215,1.997296530747994,-1.176614719429302,-0.8374634040851927,0.23544836830993032,1.6111161484996208,0.4201503676780283,0.3878476723439432,2.2885005188219854,2.2885005188219854,0.3878476723439432,2.2885005188219854,0.0950086974442077,0.2150086974442077,-0.03230269533408514,-0.026058619350640876
2.249312698270855,0.10024539580359784,1,0,6.7420227496362255,3.744587306442086,-1.2223743125399031,0.24903612230694197,1.8212988508131087,-1.6517591481792673,-1.281069206845832,0.10024539580359784,0.09253816351629943,0.23746489204417723,0.23746489204417723,0.10024539580359784,0.23746489204417723,0.525046193499462,0.645046193499462,-0.007707232287298416,-0.01956333060848464
0.415979255894734,0.11409206665240368,1,1,-1.8952957837806452,0.909978254823276,-0.42360660646083825,-0.520588412855411,0.8126012877536446,0.24165971982083806,-1.7749620596421283,0.12359446032885829,0.11409206665240368,0.2590978838232365,0.2590978838232365,0.11409206665240368,0.2590978838232365,0.8620547839658572,0.9820547839658572,-0.009502393676454612,-0.015626755369718963
-1.0100106611740751,0.47787455549868046,1,0,-3.9409426179415714,-3.422898943555702,0.5154104029008109,-0.5775388873556505,1.274447216941239,-0.6275875364369197,-0.6366152831022357,0.47787455549868046,0.4411338137030795,0.772774148693091,0.772774148693091,0.47787455549868046,0.772774148693091,0.09303954910768858,0.21303954910768858,-0.03674074179560094,-0.02609285067253925
-0.3667051821450773,0.20363284584549118,1,1,-1.2434593527460591,-3.222039863130143,0.5411316108045314,0.7629264823369366,0.4480993639362036,-1.6855973173848082,0.5380344399282511,0.220592828458269,0.20363284584549118,0.2746167023858104,0.2746167023858104,0.20363284584549118,0.2746167023858104,-0.21700940607118951,-0.09700940607118952,-0.016959982612777813,-0.032084102545796266
-0.8018469900399894,0.002806156262366598,0,0,-4.478369391427589,0.7314172268914094,-1.034308051674399,0.2352761115882635,-1.4237344353990602,0.44632214754306365,-0.8065989043073726,0.20319412799677627,0.18757182104360254,0.002806156262366598,0.002806156262366598,0.20319412799677627,0.002806156262366598,-0.046623666224751226,0.07337633377524877,-0.015622306953173737,-0.028639021225890522
0.8000686529467138,0.18724299838455163,1,0,9.142385879958903,-2.139769147282343,-1.2826346502605217,0.7138201364823995,0.2416445216767513,-0.6139768013928971,1.4511788490210642,0.18724299838455163,0.17284707255522602,0.9294932212123095,0.9294932212123095,0.18724299838455163,0.9294932212123095,-0.07460975645057605,0.04539024354942395,-0.014395925829325612,-0.029178366456651807
-1.6387796565652528,0.42974837359647905,1,0,-0.5045521468044829,-3.3025189864482227,-0.44065242156974244,0.03210767397093466,0.2689134476786009,-0.6196659341286136,0.47113629339992935,0.42974837359647905,0.3967077484999807,0.6665007285955504,0.6665007285955504,0.42974837359647905,0.6665007285955504,-0.5937834170163147,-0.47378341701631466,-0.033040625096498355,-0.04124555434957895
-1.3409513804358102,0.13664699364416608,1,0,-1.8815564312494417,-7.985514085257035,-0.5334523471647244,-0.4116383222162092,1.362642639803341,-1.040586052512433,-2.41278033092949,0.13664699364416608,0.12614107351752044,0.52537018637072,0.52537018637072,0.13664699364416608,0.52537018637072,0.00034445971857537117,0.12034445971857537,-0.01050592012664564,-0.027756167908633746
-0.5915461187491414,0.07261846791387687,1,1,-6.670878127724092,0.7431497186130267,1.6109369950118944,2.549327952607003,-0.40526926544933184,-1.9368380406201853,-0.31048397619594376,0.07866664716547173,0.07261846791387687,0.19207906239372655,0.19207906239372655,0.07261846791387687,0.19207906239372655,1.6277995210102238,1.747799521010224,-0.006048179251594857,-0.009379139692660613
0.6829467931383254,0.44446630137493615,1,1,4.445864562010706,5.543252833724338,-0.2862229498406692,-0.18992384102225704,-1.1133880419218483,0.5795611424764774,0.5245073752860862,0.48148459629678897,0.44446630137493615,0.6852260158682112,0.6852260158682112,0.44446630137493615,0.6852260158682112,0.4524502652535991,0.5724502652535991,-0.03701829492185282,-0.02053342840790811
1.2330602748227724,0.08450515469285604,1,1,-0.5872016628966268,-0.41056823029754375,-1.4944056198193065,0.6991967316948878,2.052684981945891,0.17196033243705985,-0.33732516206850605,0.09154334123064277,0.08450515469285604,0.18910731752871018,0.18910731752871018,0.08450515469285604,0.18910731752871018,0.6532572076169436,0.7732572076169436,-0.007038186537786734,-0.017960643955364147
1.3805421907728432,0.23353203159130212,1,1,-1.9456624780723488,-12.112044786266962,-0.1420032144075213,0.6152567669685612,-1.7306716055072182,0.16439070297730224,-0.3904639494628101,0.25298222971071743,0.23353203159130212,0.5585733024513433,0.5585733024513433,0.23353203159130212,0.5585733024513433,0.8074227115037048,0.9274227115037048,-0.019450198119415313,-0.016206394954388408
0.5298015199475303,0.2112223634452278,1,0,5.030693541673191,4.829856114544811,1.8478250129560454,-0.17417273380495787,1.6678876111195198,-1.1037406977820072,0.5872591668027922,0.2112223634452278,0.1949828164187088,0.3262862963007975,0.3262862963007975,0.2112223634452278,0.3262862963007975,-0.09339849472502071,0.026601505274979287,-0.016239547026519002,-0.02954614815983949
-0.08288953635802004,0.10578948276798657,1,1,1.7391404918514306,0.12508590844447443,0.3194002637912288,-0.8690472478647824,0.17739611463694044,1.2125188368316004,-0.3237917042866007,0.11460037857858274,0.10578948276798657,0.3172781950670582,0.3172781950670582,0.10578948276798657,0.3172781950670582,0.940686342825765,1.0606863428257651,-0.008810895810596173,-0.014828685194667757
0.7946258123139927,0.3858493170758561,0,0,-10.58181268672961,-5.477415596299914,-1.6919626491697632,-0.01756282647744591,-0.9024230947925126,-0.3423409386638824,-0.08158776968512098,0.46092304463090805,0.42548559692508814,0.3858493170758561,0.3858493170758561,0.46092304463090805,0.3858493170758561,-0.125642650811015,-0.005642650811015004,-0.03543744770581991,-0.030188150791540587
-1.1445006174317105,0.018615072114363553,0,0,-2.023544506223858,3.994025056285797,-1.7056522160155172,-1.615658339320678,0.48206683552552526,-0.5227186961696804,-2.564744341820567,0.4121542447191825,0.3804663205329152,0.018615072114363553,0.018615072114363553,0.4121542447191825,0.018615072114363553,0.5550974651395655,0.6750974651395655,-0.03168792418626731,-0.019175295264137786
-1.8446572220162265,0.2359160344241596,0,0,-2.1342086635464215,-12.253765729568109,0.7848440366081351,0.27236975527423984,-0.713874824036484,-1.3168302110582415,0.8358078963143372,0.35077714042825353,0.3238081122680813,0.2359160344241596,0.2359160344241596,0.35077714042825353,0.2359160344241596,-0.8138957166122783,-0.6938957166122783,-0.026969028160172215,-0.04776460417170897
0.436637577686489,0.02080454272310162,1,1,-2.0919416638426367,8.022345096178418,0.3493506225604296,2.3826022826840734,0.42018859872493736,0.3877031412620148,-0.16692793010856513,0.02253729208082715,0.02080454272310162,0.14961104530826383,0.14961104530826383,0.02080454272310162,0.14961104530826383,2.5045280662257756,2.6245280662257757,-0.001732749357725532,-0.005227861716205547
-1.00567841714885,0.014434160858772076,0,1,-0.8905247834322516,-2.2674719571714244,0.816775867200791,0.6250852012481537,1.251725008565195,-0.5213229186372847,-0.4354074729439623,0.11737580524595938,0.10835152449283934,0.014434160858772076,0.014434160858772076,0.10835152449283934,0.014434160858772076,0.104471265266866,0.224471265266866,-0.009024280753120034,-0.025894749136442304
-0.06530673216548083,0.12299188277045302,0,0,-8.591472199091575,-17.105240312233974,-0.4791031709119801,0.7908017211789892,1.498374440296732,-0.45884049314930064,-0.42477372779309125,0.18605062230720873,0.1717463707071904,0.12299188277045302,0.12299188277045302,0.18605062230720873,0.12299188277045302,0.3880239547229344,0.5080239547229344,-0.01430425160001833,-0.021434570998910298
0.1196270158728145,0.523876877006576,1,1,-12.871488019168105,1.9944144739047853,0.3140772238697992,-0.24576150001290142,0.95205365313989,-2.2517772906190467,-0.8267050469168946,0.5675090459151687,0.523876877006576,1.2345756855438021,1.2345756855438021,0.523876877006576,1.2345756855438021,-0.131962082805413,-0.011962082805412999,-0.04363216890859267,-0.030315600383350832
0.24811955917829656,0.1418096945085414,1,0,-3.266815407849352,-1.8538534151530117,-0.7824163339614458,-2.320356012386145,-0.9636384443688041,-0.9151561158459262,-0.20110465451883033,0.1418096945085414,0.13090684707692965,0.5540916057634824,0.5540916057634824,0.1418096945085414,0.5540916057634824,1.6964020047445685,1.8164020047445684,-0.01090284743161174,-0.008959846117518528
0.937791538525052,0.14414580196604518,1,0,2.6809515007347193,-2.3292315967171753,1.1129658916602636,-0.24506065119070236,-1.0308137202711538,-0.056954541213528984,1.0491736214413494,0.14414580196604518,0.13306334605786715,0.3095306969936328,0.3095306969936328,0.14414580196604518,0.3095306969936328,0.2634454072720478,0.3834454072720478,-0.011082455908178024,-0.02329077712746117
0.8320751882917314,0.2762632165697723,1,0,-13.089181096774418,-4.180189572242711,-0.9759588161149049,-0.9105748839214486,0.5585489592742234,-0.22153611573080054,0.6474846907094743,0.2762632165697723,0.25502309112090815,0.3463331061021878,0.3463331061021878,0.2762632165697723,0.3463331061021878,0.4380896143893554,0.5580896143893554,-0.021240125448864167,-0.02073095469882924
0.19500006716769022,0.03245664685309099,0,0,-4.404011393845218,-0.24979556508018808,-0.013646791795296761,0.701663648089567,-1.0350781140406409,-0.01208465078826744,-0.21069001436315682,0.13596477722245304,0.12551130838686375,0.03245664685309099,0.03245664685309099,0.13596477722245304,0.03245664685309099,0.45159025086925786,0.5715902508692579,-0.010453468835589286,-0.02054520447930951
-0.4420152804694056,0.27183978290978866,1,0,-8.964403585375385,-4.3094640999914935,-1.2158909241041307,-1.5634779478686884,0.6857490352746618,-0.3509523822179781,-1.0222802816473295,0.27183978290978866,0.25093974720222034,0.6814256528712319,0.6814256528712319,0.27183978290978866,0.6814256528712319,0.7389069555683704,0.8589069555683704,-0.02090003570756832,-0.016963824145760757
0.10776208867632091,0.5230227120872974,0,0,-2.160527875569162,-12.034138013355761,-0.09617893692333225,1.1280188573493026,-2.280737845371923,-1.4966386899033264,-0.9228864418952676,0.9738446688427848,0.8989719326502548,0.5230227120872974,0.5230227120872974,0.9738446688427848,0.5230227120872974,0.287537702210215,0.407537702210215,-0.07487273619252999,-0.022919679786113735
-0.5962104166749215,0.24183975323225287,1,1,8.041694260488967,8.452529429760714,1.461178866720329,0.2825869829192965,0.7673172404612268,-1.1401609191262305,-1.1195358752705262,0.26198187712620274,0.24183975323225287,0.4891333089414151,0.4891333089414151,0.24183975323225287,0.4891333089414151,-0.04836213151590964,0.07163786848409036,-0.02014212389394987,-0.02867223243059785
-0.19642892200617093,0.20236432621138603,0,0,-1.1673386846662466,-2.2421486878285046,0.4478137167227104,0.05827433093544655,0.5487388188641266,-0.18767099092845213,0.278143726454627,0.23167621604778138,0.21386410210270881,0.20236432621138603,0.20236432621138603,0.23167621604778138,0.20236432621138603,0.14446668878706737,0.26446668878706736,-0.017812113945072566,-0.02521342514293174
2.6181734235804135,0.10103971913176904,1,1,2.8051696542825284,-1.2019990899796325,0.15811908490510918,0.7777673890849254,0.8070082819444706,-1.6198719943917699,-2.2472685553408556,0.10945502105695551,0.10103971913176904,0.1926374890085603,0.1926374890085603,0.10103971913176904,0.1926374890085603,1.180194529219142,1.3001945292191421,-0.00841530192518647,-0.01264031576066824
0.18218970088354047,0.43495402579202436,1,0,3.622226579040608,-6.932647456233937,1.0017453976515072,1.1877250932619365,-1.0206230195133374,-1.8598354065456286,0.09903482100720092,0.43495402579202436,0.40151317113529206,1.0819492960952883,1.0819492960952883,0.43495402579202436,1.0819492960952883,0.14899079546010474,0.26899079546010474,-0.0334408546567323,-0.025137494223724955
0.45024501703754843,0.04553334406843475,1,1,-0.30602364881508737,6.199954500702643,0.9308382263505294,1.7975945224343146,0.516297572101451,-0.37171669658569495,-0.8931306215848627,0.04932568277732964,0.04553334406843475,0.3084192689461508,0.3084192689461508,0.04553334406843475,0.3084192689461508,1.5760192748999886,1.6960192748999887,-0.0037923387088948934,-0.009708562282485582
-0.7054806490303621,0.266433695065607,1,0,-2.0224310985816643,-10.985653406780418,0.011451291670654416,-0.2992647038852564,-1.0150679057288161,2.0487556508632867,1.785168402072131,0.266433695065607,0.24594929914325417,0.3210226724728527,0.3210226724728527,0.266433695065607,0.3210226724728527,0.2789650738565912,0.3989650738565912,-0.02048439592235282,-0.023051042735004006
1.020073416429868,0.0869927469051336,1,0,6.372247394339137,1.8323444006465972,1.1360486835554284,-0.9208503978091276,0.8550193242972788,0.6396264094979018,0.44254562420405297,0.0869927469051336,0.08030442668520427,1.528144909114835,1.528144909114835,0.0869927469051336,1.528144909114835,0.9839288528341685,1.1039288528341684,-0.006688320219929336,-0.014407301889595096
0.7602724226634243,0.139255702767057,1,1,3.041498981826426,-3.7760452118698096,1.2496652670437771,0.6353711428612774,0.7400142363043355,0.6369062833722101,0.3407914080021059,0.15085390190754083,0.139255702767057,0.43567991897774416,0.43567991897774416,0.139255702767057,0.43567991897774416,0.7544791424028923,0.8744791424028923,-0.011598199140483823,-0.01678862589984136
0.7673525546550849,0.5642072408301557,1,1,3.5584474621635005,-1.7116942751429245,-1.7836111297141835,0.08362107741055723,-0.5561919588491252,-1.2798409576400205,1.681816619300824,0.6111984074798785,0.5642072408301557,0.963273389328523,0.963273389328523,0.5642072408301557,0.963273389328523,-0.7672981679755705,-0.6472981679755705,-0.046991166649722804,-0.04630360566846252
0.21489124675346327,0.08643205495988314,1,1,-1.5029165790778891,-8.581588320145663,1.7289953408857035,1.359220600295612,0.2552134168558746,1.3506251209526567,0.012053180601825543,0.09363072737061269,0.08643205495988314,0.2639656719495355,0.2639656719495355,0.08643205495988314,0.2639656719495355,1.226788474113612,1.346788474113612,-0.007198672410729551,-0.012253709892914116
1.0341900957667707,0.1149647156076691,1,0,-0.014879433830498279,-3.290822076896682,0.20279727689777938,-1.093471370461983,0.39699130449884,0.0603859284244171,-1.3026521168344645,0.1149647156076691,0.10612580823513015,0.8972177162146404,0.8972177162146404,0.1149647156076691,0.8972177162146404,1.2786292055916137,1.3986292055916136,-0.008838907372538951,-0.011837450204221165
1.2716851966347333,0.15581340259013013,1,0,6.68385247841222,0.9348573732135252,-0.051197111816596905,-0.07972956385680847,1.79756116664464,0.8942133285134095,0.011445439091466015,0.15581340259013013,0.1438338989170709,0.9713604765708204,0.9713604765708204,0.15581340259013013,0.9713604765708204,1.0166384480125508,1.1366384480125507,-0.011979503673059222,-0.014096531256527127
0.2830989193492951,0.22089228876973518,1,0,-1.1618090874465583,2.6497825863208653,0.248787309801083,0.044212378104198057,-0.20291398479554773,-1.0824271973882869,-0.15105187760692926,0.22089228876973518,0.20390928255409962,0.22163373690229393,0.22163373690229393,0.22089228876973518,0.22163373690229393,0.05366634583927202,0.173666345839272,-0.01698300621563556,-0.026786824899014402
-0.1146123590003228,0.3291882991529488,1,1,5.873178986153737,-6.3501759287186115,-0.7460982566525134,-1.2503155389231464,0.5112218145475347,0.39126465993323495,-1.786707511368078,0.356605427302305,0.3291882991529488,1.029872960808233,1.029872960808233,0.3291882991529488,1.029872960808233,1.0700192864966374,1.1900192864966375,-0.027417128149356207,-0.013603696146384864
0.8945709901147607,0.03386033685270193,1,1,-3.933280545514796,-0.1163422753756086,-0.12268463749512722,0.9957013858999235,1.0592237388963208,1.0258368428852387,0.0389132069014598,0.036680465019649805,0.03386033685270193,0.567302267308931,0.567302267308931,0.03386033685270193,0.567302267308931,1.2196230941170743,1.3396230941170741,-0.0028201281669478773,-0.012312384916118099
-0.9041253065597437,0.37685348181401457,1,1,6.61926150158792,5.017132048118233,-0.8450453279691511,-1.0836988273580606,0.3446049047503575,0.379280034365163,1.2873311116050654,0.4082405032574022,0.37685348181401457,0.7010522722438954,0.7010522722438954,0.37685348181401457,0.7010522722438954,0.05868580727570699,0.178685807275707,-0.03138702144338762,-0.026697337751890367
-0.7179602806153267,0.5408441451542093,1,1,0.7573373619274304,-12.794018427344396,1.0999796503420836,-0.1322286565311721,-1.2442058788608694,-0.31910659701089783,0.21723119481052466,0.585889468073273,0.5408441451542093,1.6479819490447627,1.6479819490447627,0.5408441451542093,1.6479819490447627,-0.17169871320199603,-0.05169871320199604,-0.04504532291906371,-0.031129425551979017
-0.05330034288490133,0.1333150943393287,1,0,-4.449994191603534,-0.03635791846962126,-0.2020832453894041,-0.5778941080776558,0.2528848149698989,-0.5039577414106104,-0.628066083725374,0.1333150943393287,0.1230653428047108,1.7739576259761123,1.7739576259761123,0.1333150943393287,1.7739576259761123,0.2973298039366511,0.4173298039366511,-0.010249751534617893,-0.022770545869890985
-1.7413570684381454,0.47363145457809597,1,0,-0.45396975380159654,-9.903425976394768,0.31145283430343956,-0.4019925801292048,0.24410438897835213,0.2732040228521227,-1.1394290010915746,0.47363145457809597,0.4372169378839198,0.7004342637293173,0.7004342637293173,0.47363145457809597,0.7004342637293173,0.12798279810271895,0.24798279810271895,-0.03641451669417617,-0.025492030066075696
0.8275952735634243,0.006236684836109837,1,0,-2.955250767104082,-5.213176674716223,-0.4812411238654122,1.4377769399164624,-1.1620795127342871,-2.116654448970531,-1.8618451532425115,0.006236684836109837,0.005757185719474647,0.1870613328107125,0.1870613328107125,0.006236684836109837,0.1870613328107125,0.7781783873674671,0.8981783873674671,-0.00047949911663518977,-0.01652545849197169
-0.9629138874658232,0.21237884781033425,1,0,-2.4911818083102792,-0.1359793833688805,0.029109946576669203,0.03091727803269891,-0.11761085542512094,1.2141898289285016,-2.672834433102938,0.21237884781033425,0.19605038604047914,0.24817743405473047,0.24817743405473047,0.21237884781033425,0.24817743405473047,0.8061482042964532,0.9261482042964532,-0.016328461769855113,-0.016220170917529687
-0.47149102150175687,0.004206007929745126,0,1,-4.313184702188137,-4.18667652551323,0.3959338744308236,1.5614382018035733,-1.127780764891714,-0.3798065117898951,-0.7528919172286209,0.24787157237930285,0.2288143002678926,0.004206007929745126,0.004206007929745126,0.2288143002678926,0.004206007929745126,0.9128122272856553,1.0328122272856552,-0.019057272111410256,-0.01510681909273814
-0.2132795956797711,0.45195352782892745,1,1,-0.6591574179437312,-10.500873537781521,-0.8943460460775288,-0.32626200502304,1.4274852836845047,1.8373866754875203,-0.3359392250401477,0.4895954118871516,0.45195352782892745,0.5283013658084945,0.5283013658084945,0.45195352782892745,0.5283013658084945,0.719124698598144,0.839124698598144,-0.03764188405822416,-0.017189027712246036
0.039286821570550176,0.49373855619061346,0,1,4.671731589305846,9.009244758209304,1.9050602140644701,0.035576476984624864,1.753691026701081,-0.09329864965349177,0.1310578260461443,0.7891177942565923,0.7284475351028264,0.49373855619061346,0.49373855619061346,0.7284475351028264,0.49373855619061346,0.13605513897260668,0.2560551389726067,-0.06067025915376589,-0.025355211640494632
-0.3436532764230419,0.03797719301387054,0,0,1.2043767877660154,6.301231994610679,0.36547447264283456,3.1788536793675353,0.8512855748447891,-0.7072645299514636,0.9689978702758579,0.08167339549228758,0.07539404644383124,0.03797719301387054,0.03797719301387054,0.08167339549228758,0.03797719301387054,3.238540389083832,3.358540389083832,-0.00627934904845634,-0.003204835606486185
-0.06737104723034884,0.590829781309535,0,1,-4.820048069917199,-14.614640557595118,-0.3618325370843415,-0.48975018290120914,0.9086013598921112,0.031085587771152785,0.2785759145118061,1.0192204709629107,0.9408590773177484,0.590829781309535,0.590829781309535,0.9408590773177484,0.590829781309535,0.2631601284039209,0.3831601284039209,-0.07836139364516226,-0.023295207126400673
-0.05962763239041407,0.216071742382153,0,1,-4.61397742238856,-10.237025025198838,0.013985221865292462,0.3365831266054347,0.4249658974361492,-1.9369669327054153,0.6665726686095336,0.5665435135865724,0.5229855783310842,0.216071742382153,0.216071742382153,0.5229855783310842,0.216071742382153,-0.41102208638183313,-0.29102208638183313,-0.043557935255488234,-0.036514244566048626
-0.44703095762712625,0.2526066389188384,1,1,1.2007326211364266,3.705416042521917,-0.9820194198303006,-1.4422991355594112,-0.05841124385868244,0.08398100331445427,-0.6935061645722808,0.27364550514961544,0.2526066389188384,0.5269986924148741,0.5269986924148741,0.2526066389188384,0.5269986924148741,0.726209488907368,0.846209488907368,-0.021038866230777054,-0.01710803203730452
-0.7731944576387653,0.26365828490550813,1,0,0.8500807700201185,-2.962675723390186,0.8310318576679744,-1.342175166370907,-0.40694374877255896,-0.5848741349330007,-0.04658727033933937,0.26365828490550813,0.24338727265653934,0.5457350730338645,0.5457350730338645,0.26365828490550813,0.5457350730338645,0.4553249279475789,0.575324927947579,-0.020271012248968795,-0.02049411497048195
1.0814739243556017,0.05100520114449423,0,1,-1.673896052481252,12.208008210748652,0.2788642846472388,-1.0078929496235447,0.7242826774562282,0.06300236833469973,-1.8919462533119105,0.20694162002824656,0.1910311921958064,0.05100520114449423,0.05100520114449423,0.1910311921958064,0.05100520114449423,1.3649539863140276,1.4849539863140278,-0.015910427832440177,-0.011175438712023032
-2.104405702266703,1.7020907395944227,1,0,4.830546289723215,1.6790416382546494,-1.958591440397031,-0.012319292929311235,-0.2209673177863541,-0.1034201135746335,-0.02798245653021798,1.7020907395944227,1.5712277847529301,4.13418237863718,4.13418237863718,1.7020907395944227,4.13418237863718,-1.1538306276458834,-1.0338306276458833,-0.13086295484149257,-0.059913876579182936
-0.20571515900948276,0.04839245022891482,0,1,2.6307990576469726,2.7303731819707098,0.22555983951018072,0.9476496098482997,-1.1111049009175582,-1.1719715929007948,-1.0933238578873825,0.6289439637977354,0.5805884539428939,0.04839245022891482,0.04839245022891482,0.5805884539428939,0.04839245022891482,0.29296833121627713,0.41296833121627713,-0.048355509854841494,-0.022836850962220295
-0.46889947188421555,0.25361998329113955,0,1,-4.53404926854026,-7.109504853908664,0.2889166671687069,1.2449473786464456,-0.4313394382395105,-2.5016998441596545,-1.7039928626103755,0.5029989599524171,0.46432656214755286,0.25361998329113955,0.25361998329113955,0.46432656214755286,0.25361998329113955,0.18867356980490857,0.30867356980490857,-0.0386723978048642,-0.024481196728442584
0.4187914867264866,0.2776272129322609,0,0,-2.617678381579408,4.426515744653926,-0.8330367227960116,-0.5577288874952148,-0.4083886272547264,0.038581122980917065,-0.3117463308224471,0.3435455025166376,0.31713246910071935,0.2776272129322609,0.2776272129322609,0.3435455025166376,0.2776272129322609,0.3681091489850569,0.4881091489850569,-0.026413033415918274,-0.021721045363053606
-1.4542927965190087,0.4436188041733733,1,1,-4.0822864222861845,-11.630415952483562,1.0493396105434072,-0.6760173056813688,-0.862317959475543,0.4788755385204616,-1.5356420699261193,0.48056651353844526,0.4436188041733733,0.55103408944619,0.55103408944619,0.4436188041733733,0.55103408944619,0.3721639667565813,0.4921639667565813,-0.03694770936507197,-0.02166240806610903
-0.49978534124360413,0.23104142883552423,1,1,-3.0242671178449285,8.169119223990693,0.3896917053200022,0.10255318372626686,-0.1474424899181674,1.5882761071492624,-0.6222074452947179,0.2502841919546676,0.23104142883552423,0.5978374664357096,0.5978374664357096,0.23104142883552423,0.5978374664357096,0.7108081860493037,0.8308081860493037,-0.019242763119143386,-0.017284594237287832
-0.10235973398975594,0.062293738064403234,1,1,4.713864792373144,3.1410001098812983,2.0602981705240784,-0.2254314492280993,-1.2770164449702281,0.0699195809948253,-1.0762452003187681,0.06748200084229933,0.062293738064403234,1.048288479746308,1.048288479746308,0.062293738064403234,1.048288479746308,0.1557450229787335,0.2757450229787335,-0.005188262777896094,-0.025024559107541373
1.0700736103704593,0.04334228587802002,0,1,6.918597671585319,-4.274131580470651,-0.7517558478135002,0.39703330001549114,0.5555820886501248,-0.6221677002542582,0.9874051450464006,0.4348223455706237,0.4013916149704213,0.04334228587802002,0.04334228587802002,0.4013916149704213,0.04334228587802002,0.16815178216903592,0.2881517821690359,-0.03343073060020241,-0.02481843029374334
0.33218496679542386,0.1224818852970789,0,1,-0.9773274447258141,5.463484911071027,1.157507758021134,1.436301756563291,0.5294134071257222,1.3634287120856987,-1.8807984279740577,0.17404241069173704,0.16066139427407863,0.1224818852970789,0.1224818852970789,0.16066139427407863,0.1224818852970789,1.8256575527577765,1.9456575527577766,-0.013381016417658403,-0.008220102570170133
-1.1834882108688618,0.18717417399437455,0,1,1.9939734200193535,14.898296230031196,-0.31790654862846257,-0.8670052563234263,0.11922586112739209,-0.5714492191967373,-0.16615784194973238,0.22862534700826928,0.21104779502165036,0.18717417399437455,0.18717417399437455,0.21104779502165036,0.18717417399437455,-0.05667154708532984,0.06332845291467015,-0.017577551986618922,-0.028831506176919888
-0.4874767187206597,0.342475866092107,1,0,3.030426090687822,-2.5618741510606116,1.8821748802040494,-0.1697197964203783,0.4137923171902139,-0.2322693299242352,0.07571328795683367,0.342475866092107,0.31614507023254457,0.9564050528344311,0.9564050528344311,0.342475866092107,0.9564050528344311,-0.10740968537173137,0.012590314628268623,-0.02633079585956244,-0.02982342561605702
0.886051352660691,0.37133212990859615,1,1,1.5422869661293301,4.279477577731341,0.006016680436071459,0.4483240659731595,1.165307535547177,1.6473939976033294,0.30962008190916684,0.40225929414217987,0.37133212990859615,0.5114705949700445,0.5114705949700445,0.37133212990859615,0.5114705949700445,1.1074199050066436,1.2274199050066437,-0.030927164233583715,-0.01326869877137181
-1.2007748659230675,0.10273609716066295,1,1,0.5818378646695741,-5.362092879083581,0.5895468860356021,-1.150864509185567,-0.08787674241562057,0.940289464883589,0.8659686384171532,0.1112926854375442,0.10273609716066295,1.28683088803245,1.28683088803245,0.10273609716066295,1.28683088803245,0.4855727695171206,0.6055727695171206,-0.008556588276881244,-0.02008498543427588
-0.07864426837237082,0.10128487563008162,1,1,2.2963884594814568,-0.1608463673223708,0.21160973279505021,0.8863939595679524,0.49076670899381886,1.2003062582593216,0.2893591569571111,0.10972059592113398,0.10128487563008162,0.5909396519443813,0.5909396519443813,0.10128487563008162,0.5909396519443813,0.8466460403663515,0.9666460403663515,-0.008435720291052357,-0.015788108478249338
-0.009120452526275582,0.018353400833688003,1,0,0.06694209637730708,-10.320817348994128,-0.35569831557103465,0.33584125693302364,-2.9305943758527757,0.38288573638504947,-3.6484128252147836,0.018353400833688003,0.016942324321363503,0.1111501732072647,0.1111501732072647,0.018353400833688003,0.1111501732072647,0.8486159730084988,0.9686159730084988,-0.0014110765123244995,-0.015767387747209597
-0.3857830599207645,0.049809005797754075,0,0,-3.985642911715595,-0.14697460365419623,-1.723463407405418,0.45176860094098414,0.47752933726679525,-1.1624287801399305,-0.7121020418789388,0.09154376726603398,0.0845055479730898,0.049809005797754075,0.049809005797754075,0.09154376726603398,0.049809005797754075,-0.5419373046153242,-0.4219373046153242,-0.007038219292944181,-0.03984429601860216
2.695751782798915,0.10054664219009858,0,0,1.500967547616777,3.416040744502785,1.370540988614132,-0.48403013157267616,2.242920312402985,-0.001919853176346149,0.4080361768812668,0.1343661632037876,0.12403560165467087,0.10054664219009858,0.10054664219009858,0.1343661632037876,0.10054664219009858,1.0153856690380214,1.1353856690380213,-0.01033056154911674,-0.014108309399627116
-0.41273145944754897,0.19897936099006397,1,1,-2.7021273871309024,12.872472114705664,1.6168743984986076,0.13102711619341956,-1.0023439806908012,-0.10972745169429012,-0.03561073619009093,0.21555176849476346,0.19897936099006397,0.4051273699626163,0.4051273699626163,0.19897936099006397,0.4051273699626163,-0.048521878216881004,0.07147812178311899,-0.016572407504699488,-0.02867528612289427
0.4497651593677976,0.305552863294865,1,0,-2.6526114908457217,-12.503091800178229,-1.3647416522015654,-0.25583207134082336,-0.7421920939974367,0.9243577571874341,0.03461187418525562,0.305552863294865,0.282060842792731,0.4220167776770115,0.4220167776770115,0.305552863294865,0.4220167776770115,0.2906218470834599,0.4106218470834599,-0.023492020502133948,-0.02287260312450757
-0.7663011202192842,0.07644981981717466,1,0,-8.46272065002729,-3.5841033394732227,-0.28279574914757005,-0.10618193062257626,0.22312201840616613,0.6168141996897798,-0.9997122286693814,0.07644981981717466,0.07057207835154691,0.3046944838461021,0.3046944838461021,0.07644981981717466,0.3046944838461021,0.347354664699701,0.467354664699701,-0.0058777414656277505,-0.022023673562211122
0.5277479919994043,0.19316176603710947,0,1,4.073555994878077,11.143670249558191,-1.0415876326212719,1.10467921540253,-0.4123368722047306,-1.416842092596874,0.44381270938310463,0.26986363751279063,0.24911553508341475,0.19316176603710947,0.19316176603710947,0.24911553508341475,0.19316176603710947,0.06732735048443084,0.18732735048443083,-0.020748102429375886,-0.02654397580552486
0.8707875968519352,0.14623939137053124,1,1,3.5764022989589384,-0.9127510002577868,0.4633698060326869,-1.5307152572567064,0.2294817154636063,0.7355830924283736,0.37438645170626306,0.1584192414563534,0.14623939137053124,0.3511138802279416,0.3511138802279416,0.14623939137053124,0.3511138802279416,1.5046517638404995,1.6246517638404994,-0.012179850085822147,-0.010181644561861491
-0.587964036746098,0.6106820392849073,1,1,-6.815787647705249,-2.2490536525781115,0.6319814837613953,-1.404269098090749,0.3310401549961956,-0.30261975947044656,-0.4827901587246448,0.6615439556187112,0.6106820392849073,0.700091224257316,0.700091224257316,0.6106820392849073,0.700091224257316,0.7837808262606356,0.9037808262606356,-0.05086191633380388,-0.016463851698765384
-0.054701815218532915,0.08854070390019113,1,1,-1.8411363638073965,-7.481983670281096,0.8705556094197265,1.47927451067423,1.794370054600359,1.314807871505905,-0.10973418163018368,0.09591499949791481,0.08854070390019113,1.2051449588947414,1.2051449588947414,0.08854070390019113,1.2051449588947414,1.5140223982935088,1.6340223982935087,-0.007374295597723679,-0.010118237177666639
-0.8952797698908733,0.25878966091144406,1,1,-2.341837249365586,-8.27098826101564,0.35272016302634307,0.7668228717842437,0.12117794929946196,0.13076418791154437,0.823753131876182,0.2803434929133551,0.25878966091144406,1.3789225916528867,1.3789225916528867,0.25878966091144406,1.3789225916528867,0.09238816800484434,0.21238816800484434,-0.021553832001911022,-0.026104184059710815
-1.1444038120498916,0.03986138485726316,0,1,-0.7566147100423253,-15.253771963421812,-0.059282646025932216,-0.7292869363736615,-0.4144730658358585,0.6339103777337424,0.002993291199955732,0.12078951250052962,0.11150277346131177,0.03986138485726316,0.03986138485726316,0.11150277346131177,0.03986138485726316,0.22785644799864166,0.3478564479986417,-0.009286739039217853,-0.023849981069901542
1.0367954325002064,0.11636507733415606,0,1,-4.096121433839908,-3.2436490075613476,0.34020997686833787,0.6700792422021898,-0.3748414628976096,0.7562481636298061,0.37884260345839443,0.31355766823530035,0.2894502090828834,0.11636507733415606,0.11636507733415606,0.2894502090828834,0.11636507733415606,0.8820028902568184,1.0020028902568185,-0.024107459152416966,-0.015420314992366898
-0.5540009458836479,0.02690420741565714,0,1,-7.829121860931206,-7.14364127905516,-1.2348130869114786,1.4423047911862443,-0.5007447437569161,-1.6550953431851838,-1.0450437095863023,0.12878847711207972,0.1188867484484019,0.02690420741565714,0.02690420741565714,0.1188867484484019,0.02690420741565714,0.1106717708577245,0.2306717708577245,-0.00990172866367782,-0.025787929708836085
-2.41361232850807,1.0744731090955608,0,1,-0.7336519135204291,-2.380940611405685,-1.021045160678322,0.05217331865753347,-0.2738505055462372,-0.33683196764059287,0.6197019654824789,1.975075432092053,1.8232244167108218,1.0744731090955608,1.0744731090955608,1.8232244167108218,1.0744731090955608,-0.9648016909297633,-0.8448016909297633,-0.15185101538123114,-0.05281994415357554
1.7653561564936229,0.10123099292910807,1,0,-5.609167461923131,-3.6915471650509426,0.3398753611927038,0.31604787064428624,0.40982845732869266,0.6161346680022383,-2.107953341777443,0.10123099292910807,0.0934479843338096,0.15024738326813813,0.15024738326813813,0.10123099292910807,0.15024738326813813,1.4303473253819083,1.5503473253819084,-0.007783008595298471,-0.010698706418552546
-0.8020953230626062,0.14333667747847328,1,1,-0.9080936699540263,-4.687979625273661,-0.3644382522644612,-2.180210064489474,0.03605992679779541,-0.00463297222434532,1.0455322747896802,0.1552747690359266,0.14333667747847328,1.8226919757085014,1.8226919757085014,0.14333667747847328,1.8226919757085014,1.3405657660470192,1.460565766047019,-0.011938091557453318,-0.01135862323205435
-0.24637304374803073,0.06609742281919104,0,1,-2.702261733136374,-3.8445880849451397,1.1876343927211208,0.20277504825236733,-0.5003610773968998,0.48516111254573785,-0.5279176373243135,0.32980678405010444,0.3044500335058586,0.06609742281919104,0.06609742281919104,0.3044500335058586,0.06609742281919104,0.3884356867813648,0.5084356867813649,-0.025356750544245854,-0.0214286882729569
1.6409065054943148,0.16407546554811006,1,0,1.3633240220381624,2.0345344632706897,-0.001392651443348899,0.9861363169607678,-0.5577713459894236,0.8056786392425009,0.6774013686923024,0.16407546554811006,0.1514607442884577,0.3008010286474374,0.3008010286474374,0.16407546554811006,0.3008010286474374,1.157980187790723,1.2779801877907229,-0.01261472125965235,-0.012828906312172945
-0.14174209418763992,0.15927525452223645,0,0,0.7055580318829127,-4.335068310355503,-0.9547918171308215,0.973894128217401,0.6985663453715051,0.10192588737265744,-0.7623234580276522,0.36977923794400663,0.34134925910050584,0.15927525452223645,0.15927525452223645,0.36977923794400663,0.15927525452223645,0.5219247961996527,0.6419247961996527,-0.02842997884350079,-0.019604082946749497
-0.1633366022018634,0.6114796748211228,1,1,8.298973505972633,-7.759186552295861,-0.85920601857557,-0.5376625769030224,0.54259446329196,-0.9556251674013979,0.4375122486198699,0.6624080238798112,0.6114796748211228,1.2991665070084093,1.2991665070084093,0.6114796748211228,1.2991665070084093,-0.22838514281457048,-0.10838514281457048,-0.05092834905868848,-0.032328347734290365
-1.2281730445505332,0.1014405948406208,1,0,-10.007408163330654,-2.2342694990701144,-1.2417555288783926,-0.20406858443884895,0.10964775457400863,2.4451301450589167,-1.3773156555203674,0.1014405948406208,0.0936414712845609,0.9391061544874079,0.9391061544874079,0.1014405948406208,0.9391061544874079,0.5291156091763418,0.6491156091763418,-0.007799123556059898,-0.019510328320926192
-1.6348336996275665,0.5754086141640361,1,1,1.579160543274614,5.081656620159809,1.4720145664901334,0.14984241398728004,0.41117191801596314,0.11834791338820451,0.444726818195233,0.6233327103526703,0.5754086141640361,1.6308454151587422,1.6308454151587422,0.5754086141640361,1.6308454151587422,-0.27373969430875283,-0.15373969430875284,-0.047924096188634246,-0.0333207675192294
-0.1663862645961283,0.07512123656667323,1,0,-13.40030951340845,0.3984979963229358,-0.15368510436201774,1.4540501814574582,-0.4564711442247224,1.1322345721792477,-0.6443671202130229,0.07512123656667323,0.06934564143547353,0.1780320434944927,0.1780320434944927,0.07512123656667323,0.1780320434944927,1.3217715471618932,1.4417715471618933,-0.005775595131199698,-0.01150183618453142
0.3628097740748948,0.0795918087677426,1,1,7.5042111762186074,-4.726983436508604,-0.06025184640128695,-1.0719625522902192,0.4550237203475199,1.4451259569265338,-0.07735617982085408,0.08622077713095393,0.0795918087677426,0.15186754652332785,0.15186754652332785,0.0795918087677426,0.15186754652332785,1.2247127256271486,1.3447127256271485,-0.006628968363211321,-0.012270678711048207
0.30552540821077256,0.0016158964264091466,0,1,-8.835140867512797,0.24986372830735615,-0.19688569870390954,-1.1146169630679268,-0.2292926535523081,-1.5927942597215277,-0.9128779867188273,0.6837709645429686,0.631200154554171,0.0016158964264091466,0.0016158964264091466,0.631200154554171,0.0016158964264091466,0.4192985646785186,0.5392985646785187,-0.052570809988797595,-0.02099229248506299
-0.4812610804692158,0.06991136916939612,1,1,11.693221952817066,-16.51424068902805,0.22678604610913541,1.3190131977413961,2.809210861229503,-0.5865850850709007,1.43530015664544,0.07573408210465662,0.06991136916939612,0.4513536722190972,0.4513536722190972,0.06991136916939612,0.4513536722190972,0.42975368716710693,0.5497536871671069,-0.005822712935260502,-0.02084648323373421
0.020257799346942336,0.11483545607218933,1,1,-1.6666873010755499,-1.2003733486816044,0.2437524804016479,-0.15124764674637586,0.4325944517261522,0.06191648367995918,0.11039572561221853,0.12439976447355848,0.11483545607218933,0.4250987077947816,0.4250987077947816,0.11483545607218933,0.4250987077947816,0.31030403234353165,0.43030403234353165,-0.009564308401369154,-0.022574441683950956
-1.8372099953279672,0.10324823716700976,1,1,3.4350730585061364,-5.398252451885775,-0.4083331628266692,-1.3981096597988507,-1.5436252025220816,0.653244883281227,-0.2767000900857134,0.11184748008325868,0.10324823716700976,0.28868412886362577,0.28868412886362577,0.10324823716700976,0.28868412886362577,0.43339697387886733,0.5533969738788673,-0.008599242916248917,-0.02079591153076544
0.4601670206954785,0.1005276750667564,1,0,5.963206292640729,-6.521995612676005,-0.5960888996561666,0.008505626723153567,0.7949322529156275,0.1803639430263982,-0.6560549366409674,0.1005276750667564,0.09279874011836707,1.0726321137632497,1.0726321137632497,0.1005276750667564,1.0726321137632497,0.519057686131415,0.639057686131415,-0.007728934948389332,-0.01964159015682689
0.16140584477004594,0.10942366127638696,1,1,-2.419773956690955,-5.892770756052394,1.2262929556489497,1.579185502981632,0.4945566553228533,0.9736635113440901,1.241959996813811,0.11853723715835518,0.10942366127638696,0.11306753122924272,0.11306753122924272,0.10942366127638696,0.11306753122924272,1.2087896128671662,1.3287896128671663,-0.00911357588196822,-0.012401630803484817
1.9736608941828575,0.005941863764865122,1,0,0.4162491265847905,-0.6477438714086081,1.1300993164045137,0.6140991771126236,0.5983470470748828,0.5196605733465026,-1.0973376745470436,0.005941863764865122,0.005485031569349432,0.08544353335511176,0.08544353335511176,0.005941863764865122,0.08544353335511176,1.2996904099740223,1.4196904099740224,-0.00045683219551569034,-0.01167240429880217
0.007479646429047295,0.25641696843593514,1,1,-3.7378914694562324,7.015178650053041,0.7007231568595857,-1.355813971126554,-0.7945994551250549,1.3035650678080875,0.8402201626941975,0.27777318583906657,0.25641696843593514,0.5658264920070736,0.5658264920070736,0.25641696843593514,0.5658264920070736,1.0890345836483977,1.2090345836483976,-0.021356217403131428,-0.013432332402380166
-0.942669352146079,0.8832803103833604,1,0,1.869071374731145,7.0040755762119975,1.4873982896858626,-0.27167438368729224,-1.1522488412767675,-0.24043719707034283,0.1020312972405742,0.8832803103833604,0.8153704929563415,2.156766954438638,2.156766954438638,0.8832803103833604,2.156766954438638,-0.22263993512333857,-0.10263993512333858,-0.06790981742701896,-0.0322047625115982
-0.050723134088819094,0.09783289822201718,1,1,-3.120358965530754,-6.950812943693621,0.07898871634000969,1.1336804787567016,-0.36127042500344553,0.35203447180292424,-0.9886271494346061,0.10598111343707166,0.09783289822201718,0.42776823162377614,0.42776823162377614,0.09783289822201718,0.42776823162377614,0.9445927272061881,1.0645927272061881,-0.008148215215054475,-0.014790117740081547
-0.327799800015837,0.3963485240445854,1,1,-4.73795743104209,-3.9741529578827324,0.450317278043813,0.003108550185636745,-0.7498133382845175,-0.2358293621748528,-0.18417574651522164,0.4293592303895568,0.3963485240445854,0.5271725631348746,0.5271725631348746,0.3963485240445854,0.5271725631348746,0.09619787196297754,0.21619787196297752,-0.033010706344971386,-0.02603796870671158
0.43470786877039785,0.017504175059750136,0,1,1.7986311463150528,-2.8878811778917237,-0.2701551293370962,1.7713412422676835,-0.09844600230787963,-0.24389611017733773,-2.0974509576101417,0.07955227936614993,0.07343600947520927,0.017504175059750136,0.017504175059750136,0.07343600947520927,0.017504175059750136,1.7238060118595167,1.8438060118595168,-0.006116269890940662,-0.008797641853485468
0.026892061725186146,0.2229260390006868,0,0,-4.438679909295601,5.739879474161666,-0.8942073519794773,-0.26307342445635284,-0.6858526761766428,1.381707593377797,-0.16493777539621862,0.2756221762404213,0.2544313363141911,0.2229260390006868,0.2229260390006868,0.2756221762404213,0.2229260390006868,0.49385034542091233,0.6138503454209123,-0.021190839926230165,-0.01997445403115994
-1.2599467010526437,0.4741439828785388,1,0,-3.750039899324255,-0.9157563433087506,1.2884442493182524,0.061704634050368024,0.037227836421576635,-0.08879644771250095,0.0037962516214591325,0.4741439828785388,0.43769006113604436,0.573942419412605,0.573942419412605,0.4741439828785388,0.573942419412605,-0.16154298339259715,-0.041542983392597155,-0.036453921742494455,-0.03091937606628109
-1.6357432881940195,0.03818840200821265,1,1,-1.7943716619871481,-1.001305547982787,1.7187950030498593,-2.3196107267512183,-2.001545744438679,-0.5431708310561139,0.014527881937568883,0.04136900203066918,0.03818840200821265,1.1459488821439767,1.1459488821439767,0.03818840200821265,1.1459488821439767,1.222060500264404,1.3420605002644042,-0.0031806000224565284,-0.012292394307139264
0.262908202633016,0.1479088103113945,0,1,-2.9821273443231195,4.05541873760715,0.6901044247640123,0.4730871980274752,-0.3842459128805702,1.0190436932417624,1.030195403152731,0.43962275091127057,0.40582294760965415,0.1479088103113945,0.1479088103113945,0.40582294760965415,0.1479088103113945,0.5269822936437925,0.6469822936437924,-0.033799803301616416,-0.019538095852849602
1.383114541069239,0.34811754032474324,1,0,-0.3052507672568838,-2.1382390555827726,0.18405783127156553,0.9626575724868413,0.2726452634321288,-0.5614830267828836,0.6978168390000047,0.34811754032474324,0.32135299193767936,0.3843555617657713,0.3843555617657713,0.34811754032474324,0.3843555617657713,0.718862611577982,0.838862611577982,-0.02676454838706388,-0.017192031322009166
0.07934788405171923,0.2152815743338456,1,1,7.8172460552260326,10.527889372412927,0.11061312257867771,0.001339846754486929,1.4729535721895743,-2.4508721285400865,-1.4176841701595697,0.2332117453845602,0.2152815743338456,1.2995760551513444,1.2995760551513444,0.2152815743338456,1.2995760551513444,-0.09779333771229654,0.02220666228770346,-0.017930171050714594,-0.029632842221446038
0.8132973539202071,0.14525211234815122,1,1,0.5460350192792348,1.9793135696736062,-1.18707042637437,-0.3632606475688056,-0.2546081697660301,-1.5073256477730475,-0.9851580323108263,0.15734973485922235,0.14525211234815122,0.19258113256646908,0.19258113256646908,0.14525211234815122,0.19258113256646908,-0.006466902792505669,0.11353309720749433,-0.012097622511071132,-0.02788249272062625
1.0128091542036002,0.022605722398324226,1,1,-0.5969239135963285,-5.166450308906434,-0.8608416785235702,2.457424092075892,1.8017419477471466,-0.4117494176846493,-0.3635832903067989,0.024488486729554785,0.022605722398324226,0.24513848903532529,0.24513848903532529,0.022605722398324226,0.24513848903532529,2.4952507442431555,2.6152507442431556,-0.001882764331230559,-0.0052602956170099855
0.26679184579466836,0.24469193023874974,1,1,0.7835825834124773,-0.7610495234858294,-1.1492039971882941,-1.9081304132252668,-0.11688018640852403,-0.9978519832440257,-0.08485053166200977,0.2650716035920607,0.24469193023874974,1.0370949433975225,1.0370949433975225,0.24469193023874974,1.0370949433975225,0.9988402139988201,1.11884021399882,-0.02037967335331098,-0.014264789758562864
-0.8144914878614082,0.1110656327736922,1,1,1.7594637913021467,7.782929261027098,-1.6002058490434774,-0.7619744583102578,0.14862709530283086,0.3662095977839374,0.41747195874201454,0.12031596364687681,0.1110656327736922,0.6852620977961205,0.6852620977961205,0.1110656327736922,0.6852620977961205,-0.2739556088071705,-0.15395560880717052,-0.009250330873184609,-0.03332556415564612
0.19530808504556424,0.19676724840438187,1,0,-5.066171520430776,-2.6598631969830135,-1.3204889841570373,0.8546857301355617,-0.8002116966018503,0.6328579146073064,-0.010638676618193147,0.19676724840438187,0.18163906343560457,0.39927414775855574,0.39927414775855574,0.19676724840438187,0.39927414775855574,0.3610340922030757,0.4810340922030757,-0.015128184968777297,-0.0218237391135759
1.2070728876004806,0.049941902532862806,0,1,4.240107840105573,8.513159339835498,-1.3763874990779479,-0.31619770458118795,0.3653637420637676,0.612965380474599,-0.14098789744441861,0.09263522926500442,0.08551309438579924,0.049941902532862806,0.049941902532862806,0.08551309438579924,0.049941902532862806,0.557042784613877,0.677042784613877,-0.007122134879205183,-0.019150443332401255
0.5298905495999142,0.1067303947664983,0,1,1.678391010222932,-4.036610839445299,1.5317788906010528,1.007510770986559,-0.25665411639975283,0.7501218121369445,1.9337934851881868,0.5473228014166132,0.5052426247378022,0.1067303947664983,0.1067303947664983,0.5052426247378022,0.1067303947664983,0.5156798135960836,0.6356798135960836,-0.04208017667881092,-0.019685871188635032
0.7482453428286557,0.009544543822436373,0,1,-8.234920527821695,-5.040857933141857,1.960484600783027,-1.2279998808224974,-0.9265331111571506,1.484918786733851,-1.0582810508376372,0.16493626566307687,0.15225536294555506,0.009544543822436373,0.009544543822436373,0.15225536294555506,0.009544543822436373,1.3587232089189292,1.4787232089189293,-0.012680902717521814,-0.011221956372804398
-0.4625462416918259,0.03979009509729613,0,0,8.293998544907977,4.118979592337162,-1.322541133291679,-0.4861941306990469,0.42022670947458574,-0.10239670661109637,-0.6505636204055921,0.31224788489454636,0.28824112667080837,0.03979009509729613,0.03979009509729613,0.31224788489454636,0.03979009509729613,-0.06759953329285365,0.05240046670714635,-0.02400675822373799,-0.029042320036035917
-0.2023537597454822,0.15741539624266052,1,0,6.543684322385611,-7.28369823027969,-0.674212461724509,-0.7123370644127087,-0.8795096286589426,2.2816328772760617,0.2975110711855549,0.15741539624266052,0.1453127254445293,0.6014201357964615,0.6014201357964615,0.15741539624266052,0.6014201357964615,0.8010048391260027,0.9210048391260027,-0.01210267079813121,-0.016275883888431653
-0.11872731090036714,0.43020303346268535,0,1,-4.818546683953957,5.997598762555043,0.8867590544047386,-0.4890774681189237,-0.18595667718604886,-0.713553981370355,-2.651708334919202,0.4750615331470167,0.43853706678750776,0.43020303346268535,0.43020303346268535,0.43853706678750776,0.43020303346268535,0.5801055983826675,0.7001055983826675,-0.036524466359508956,-0.018858253258097687
-0.05133800253679587,0.23091868508182176,1,1,-4.296671038641053,4.010341533538675,-1.3780092768478662,-1.8106186799803947,-2.2497837779516074,-1.1953589742981028,1.3249556793816308,0.25015122523364386,0.23091868508182176,0.3883627009411102,0.3883627009411102,0.23091868508182176,0.3883627009411102,0.22392150720466164,0.34392150720466164,-0.019232540151822103,-0.02391262871453072
1.1679583160123588,0.0755905693827302,1,0,1.9474153188887764,-5.16957444524434,-0.04443616770435442,1.290563762321174,0.4109825769008753,0.7825588257151592,-0.9008969953045751,0.0755905693827302,0.0697788902298714,0.7282510559087529,0.7282510559087529,0.0755905693827302,0.7282510559087529,1.6008396368038729,1.720839636803873,-0.005811679152858809,-0.009549237398548679
-2.3471737283381673,0.010916512159118685,0,0,-10.836530263747719,-4.068733564965985,0.5239509541926708,0.7287142340743459,-0.5766472922336929,0.5595403706161663,0.5661877585748329,0.4499767472650371,0.4153808908942436,0.010916512159118685,0.010916512159118685,0.4499767472650371,0.010916512159118685,-0.15951355877921564,-0.03951355877921564,-0.03459585637079349,-0.030877571990185357
0.03053830458183765,0.20946907385531655,1,1,6.921096934233287,-3.5342658705663084,-0.5495526211300829,-1.122768432270995,-1.1841283318982723,0.08650554192146179,0.3270098687893148,0.22691513878531513,0.20946907385531655,2.3365476006833052,2.3365476006833052,0.20946907385531655,2.3365476006833052,0.48168602803602417,0.6016860280360241,-0.01744606492999859,-0.020137096349694576
-0.07949637569485415,0.42626674728957115,1,1,-1.601816398191812,2.13500115742491,-0.7925258304579145,0.02658534132609864,0.5705370361384854,0.6181907146653008,1.5518801201224885,0.46176925471866215,0.42626674728957115,0.4913348429093807,0.4913348429093807,0.42626674728957115,0.4913348429093807,-0.009148613354732937,0.11085138664526706,-0.035502507429091,-0.027932385823777665
-1.371501141444149,0.11302453868439226,1,0,6.773415309066735,11.332820245286442,1.2769808321980434,-1.001291432756544,1.6835862095380225,-0.5309765045557148,1.0448728124544275,0.11302453868439226,0.10433479920237114,0.8908502688924901,0.8908502688924901,0.11302453868439226,0.8908502688924901,-0.07974479445297455,0.04025520554702544,-0.00868973948202112,-0.02927842564190729
0.671767216587465,0.04081936460058996,0,1,-3.7895077400501833,-1.071775986570164,0.06798662605108885,-0.4121493784569676,-1.8076968597749328,-0.1715645102163482,-1.559383235305609,0.1649228331883013,0.1522429632085173,0.04081936460058996,0.04081936460058996,0.1522429632085173,0.04081936460058996,0.6598402601898536,0.7798402601898536,-0.012679869979784014,-0.017881992760985437
-0.7245001919449245,0.1342703828481359,1,1,-3.0410435912464022,2.905260020553628,0.9672992358427723,1.516792657139248,-0.7969109892966902,0.30197074251927114,-0.7253915220079754,0.1454533693111512,0.1342703828481359,0.1575384309085353,0.1575384309085353,0.1342703828481359,0.1575384309085353,0.9990990752041137,1.1190990752041137,-0.011182986463015299,-0.014262328237186341
-0.3570326493531597,0.0342817355012205,1,0,4.8072085920351055,-1.0197942827504416,-0.6284847301367896,0.7744947038653713,-0.03853826184341251,1.7396480419310116,-0.482232478702921,0.0342817355012205,0.0316460304236797,0.20071313129111665,0.20071313129111665,0.0342817355012205,0.20071313129111665,0.8249598057092611,0.9449598057092611,-0.0026357050775408022,-0.016018022882967685
1.8487819077540433,0.1386199560380131,1,0,1.259806772258213,2.746125893040769,0.9993363324744892,0.09741341295778198,0.7957780097442332,-0.4471576573299467,-0.04955883755158271,0.1386199560380131,0.12796234735408674,0.4772257453196131,0.4772257453196131,0.1386199560380131,0.4772257453196131,0.6932791597886695,0.8132791597886695,-0.010657608683926373,-0.017487767137026173
1.0099736495390559,0.2354796882390787,1,1,3.4766458164031535,-0.18837037294689796,-0.11549887929893475,-0.8360571148457872,0.6620815345817527,0.6502490055783642,0.5935546949055667,0.255092100969525,0.2354796882390787,0.38083585035814266,0.38083585035814266,0.2354796882390787,0.38083585035814266,0.9166045717058023,1.0366045717058023,-0.01961241273044631,-0.01506867382565858
0.5744869391451162,0.09173866255164514,0,0,4.69835115953378,-5.6067880365158125,1.5369656539176446,1.4493448012363035,-0.37494468984913537,0.37305231843417824,-0.6236006892582127,0.1011434431498403,0.093367165701445,0.09173866255164514,0.09173866255164514,0.1011434431498403,0.09173866255164514,1.24944620696009,1.36944620696009,-0.007776277448395305,-0.012070006628871664
0.38077693464440415,0.028074023898134213,1,0,-1.5001137321530789,2.2550610409947796,0.023355316114555456,-0.5997494491188647,1.620070309136051,0.3636981503429628,-0.21802912810442213,0.028074023898134213,0.025915590369216746,0.5169251082672045,0.5169251082672045,0.028074023898134213,0.5169251082672045,0.7441232218418723,0.8641232218418723,-0.0021584335289174666,-0.01690493471691342
-0.16468002244534266,0.2736997569116427,0,0,-6.3042851987924955,-2.0977456912971464,1.193618571856377,-2.1706154097954116,-2.0141025948652898,0.7958386552197739,0.06046844811736806,0.2753242352215454,0.25415630208940776,0.2736997569116427,0.2736997569116427,0.2753242352215454,0.2736997569116427,1.8815694480983127,2.0015694480983126,-0.021167933132137662,-0.00791934175174905
1.9993772653701014,0.06818749580964113,1,0,-3.5401051076510144,-4.4788494274437225,0.25044630026076065,-1.3263961033185487,-0.023233710850366202,2.003509410401342,0.8241996197958629,0.06818749580964113,0.06294499200104994,1.1642752210886684,1.1642752210886684,0.06818749580964113,1.1642752210886684,1.8933662016424946,2.0133662016424947,-0.00524250380859119,-0.007857304336283885
0.8021676314402391,0.6064793731318728,1,1,4.517131758870476,9.681120306258054,0.1697065451428121,-0.43905391010493766,-0.39457285186939384,-2.1291978892000176,0.2576404209211606,0.6569912617253736,0.6064793731318728,0.6534160866299934,0.6534160866299934,0.6064793731318728,0.6534160866299934,-0.12774012567620174,-0.007740125676201748,-0.05051188859350075,-0.030230392910259526
-0.7495499139652525,0.06790833146610792,0,1,0.9193669780996584,0.171632394086915,0.8454831084818539,-1.5756193271706151,-0.661416892306816,-1.157464632233422,-0.9653511948087635,0.08802998082815187,0.08126191427456914,0.06790833146610792,0.06790833146610792,0.08126191427456914,0.06790833146610792,0.675036938758542,0.795036938758542,-0.006768066553582738,-0.017701742772323645
-1.400102278217654,0.08008099988030812,1,0,3.808500782528269,-4.375548119541724,0.05348162682190022,-2.0844021549884744,0.614270438357064,0.7538550699336822,-0.2511025880369125,0.08008099988030812,0.07392408002449864,1.7086655704302642,1.7086655704302642,0.08008099988030812,1.7086655704302642,1.6034478772052279,1.7234478772052277,-0.006156919855809476,-0.009532647355145807
0.5668380019892694,0.10697676456941398,1,1,1.3049184275607488,11.590841273773517,-2.4807085099845416,-0.9964186260023896,1.2329019341026966,-2.7779942807285725,-0.34752341219351923,0.11588654559975486,0.10697676456941398,0.43371773736392305,0.43371773736392305,0.10697676456941398,0.43371773736392305,-0.8738093348643143,-0.7538093348643143,-0.008909781030340888,-0.04971105181281885
-0.05586912987844468,0.18402936575635803,1,1,-7.06778777941562,-13.340755280773074,-1.180000778467259,0.8045703015848366,-0.6751139521434614,0.40395402073561154,0.5654604191690931,0.1993566319962875,0.18402936575635803,0.2641778275833164,0.2641778275833164,0.18402936575635803,0.2641778275833164,0.13102880291653524,0.25102880291653523,-0.015327266239929471,-0.0254403166927108
-1.4289381669461676,0.14188541279062908,0,1,-12.894036175550879,7.580902793227274,1.83622583973002,-0.20294194367537022,0.37604436962261134,-1.485055479127436,1.190413563293744,1.8810346722059337,1.7364138540333247,0.14188541279062908,0.14188541279062908,1.7364138540333247,0.14188541279062908,-0.9205556350635357,-0.8005556350635357,-0.14462081817260897,-0.05128464958282489
0.4285861657115819,0.3166835607415436,1,1,15.108997100226745,-5.09449462721334,-0.7605088480713647,-0.5607541640877456,-0.022247794849210738,-1.5628843453398495,0.228770028928938,0.3430592058965714,0.3166835607415436,1.0870651686898518,1.0870651686898518,0.3166835607415436,1.0870651686898518,-0.16618643086848178,-0.04618643086848179,-0.026375645155027827,-0.031015239367628972
-0.2690271603115207,0.0906379253819209,1,0,1.5815730926408151,1.7501606150294475,0.9674662729250108,0.2929338234972916,-1.588897564178725,-0.12380929432965958,0.7420289029794906,0.0906379253819209,0.08366935052262335,0.5858711633731606,0.5858711633731606,0.0906379253819209,0.5858711633731606,-0.0628485421414916,0.05715145785850839,-0.006968574859297555,-0.028950479021093645
0.5306649255274699,0.1499200872264088,0,0,2.6885207263678987,-3.7873501971499297,-1.8779887659659078,-1.074766013817714,0.87654360408152,0.27009543419728654,0.41197158212675383,0.4278694870538782,0.3949733176195,0.1499200872264088,0.1499200872264088,0.4278694870538782,0.1499200872264088,0.27720914255672235,0.39720914255672235,-0.032896169434378175,-0.023078042566826003
0.4417402145809067,0.18832724652539312,0,0,0.9678068242254144,-7.670925082465122,1.8594948076233115,0.4685527785062026,0.6578880104331793,2.710745527218326,-0.2138045580904907,0.3348453051915315,0.3091011747331246,0.18832724652539312,0.18832724652539312,0.3348453051915315,0.18832724652539312,1.1790422546113815,1.2990422546113813,-0.0257441304584069,-0.012650029567771687
-0.6082640215438392,0.17573321706099151,1,1,-7.874063561631568,8.825972849631079,-0.7978827636184951,0.4277963982471327,0.4389910293888949,-0.5267153919462082,-1.0323970195548475,0.19036952140308852,0.17573321706099151,0.3201800031902107,0.3201800031902107,0.17573321706099151,0.3201800031902107,0.0010142151540940558,0.12101421515409405,-0.014636304342097006,-0.0277437774454823
0.6328447644242048,0.22202274184161014,1,1,-3.933126475526081,14.268978428474234,2.309844422090078,0.3268434703880229,-0.7322853814020757,0.9159303022795986,-0.1091451515613345,0.2405143649667522,0.22202274184161014,0.3645448460873184,0.3645448460873184,0.22202274184161014,0.3645448460873184,0.38926788582847555,0.5092678858284756,-0.018491623125142048,-0.021416802947606197
-0.4979050826348992,0.508129367680324,0,0,7.600196004429907,-1.900520038990638,-0.25288144631783127,0.5622728719144933,-1.29188226823169,0.3526272039171724,1.9129548077317522,0.9419527392499,0.8695319711252509,0.508129367680324,0.508129367680324,0.9419527392499,0.508129367680324,-0.17122768319882797,-0.05122768319882798,-0.07242076812464904,-0.031119651824354763
-0.4328818731809713,0.06785690157134808,0,0,2.3922648908921462,2.1119973107189125,0.46617766219731077,-0.3762121037834645,-0.507105280428242,-0.41033997334510935,-0.25396267804778105,0.44349154763852416,0.40939429710942904,0.06785690157134808,0.06785690157134808,0.44349154763852416,0.06785690157134808,0.0867658930927292,0.2067658930927292,-0.034097250529095124,-0.02620221092236384
-0.532271406621378,0.13706662875807976,0,1,-5.550459531943883,-0.06234199862106765,-0.377806532758272,0.9163114410745667,-1.7332091032089831,0.862000050412134,-0.3796865251425611,0.3040489782311813,0.28067258190735783,0.13706662875807976,0.13706662875807976,0.28067258190735783,0.13706662875807976,0.5234593972933025,0.6434593972933025,-0.02337639632382349,-0.0195840369046373
1.1309744278062708,0.09016188792284799,1,0,-3.270368075877961,13.399626137353728,0.37694778569537224,-1.1269879102008638,1.328631066849436,1.245634960171873,0.9595905257500736,0.09016188792284799,0.08322991256266078,0.09220716105746955,0.09220716105746955,0.09016188792284799,0.09220716105746955,1.3276401762036678,1.447640176203668,-0.006931975360187206,-0.011456924092711887
-0.2805723880543605,0.02475180639739364,0,1,-2.484530060235297,-15.280466236762242,-1.5147547757935393,0.8291210710660528,0.4048550876357089,-1.6052712471325676,-0.02429738377081549,0.46326065245755266,0.42764348092130505,0.02475180639739364,0.02475180639739364,0.42764348092130505,0.02475180639739364,-0.5057575252238953,-0.3857575252238953,-0.035617171536247605,-0.0388947548887154
1.3724431805642519,0.21256689191126674,1,0,0.7333261041004249,4.700054510144545,0.3645344890332625,0.5560752738231508,0.17726136694885572,0.2912314168473797,1.4736113922530956,0.21256689191126674,0.19622397262389152,0.28075554270510855,0.28075554270510855,0.21256689191126674,0.28075554270510855,0.6185574665639009,0.7385574665639009,-0.016342919287375218,-0.018380973448617104
1.78348487018686,0.01090027093457423,1,1,12.755165517020721,-2.744017704666418,1.2260339099106798,-2.8670549537827434,-0.317438554837682,-0.16465102754395128,-1.7520985727269711,0.011808122537577497,0.01090027093457423,0.38389624701836905,0.38389624701836905,0.01090027093457423,0.38389624701836905,3.746539013658673,3.8665390136586733,-0.0009078516030032666,-0.0022841524728667386
-0.7387191368544488,0.14562767077325645,0,1,-3.2660165860929586,-18.196289766192656,0.09418305823231217,1.2487577724105066,-1.0865678595905903,0.3364009386898723,-0.9158234772964378,0.28413949382688575,0.2622938114056228,0.14562767077325645,0.14562767077325645,0.2622938114056228,0.14562767077325645,0.758791933255717,0.878791933255717,-0.021845682421262946,-0.016740424672176638
-2.9209953146969334,0.09711977947498819,0,1,-11.436883436916712,-7.035058660065743,-0.6719120236796768,1.477393634170035,-0.542557820111825,0.46221248901062467,-1.871218116060987,0.15885800826679886,0.14664442418550533,0.09711977947498819,0.09711977947498819,0.14664442418550533,0.09711977947498819,0.4604670743506421,0.5804670743506422,-0.012213584081293527,-0.020423979428522487
1.0445095432712728,0.13250599190608991,0,0,-0.04699387635940139,14.73895075208128,1.8623175613948801,0.602652446306499,-0.18249984265026167,0.5755465099998948,-1.4098194289478103,0.21704530577308256,0.20035806966561814,0.13250599190608991,0.13250599190608991,0.21704530577308256,0.13250599190608991,0.9179133069712622,1.0379133069712623,-0.01668723610746442,-0.015055532289529952
-0.3419718973601411,0.3377540497533239,1,0,0.4540811924972328,-5.201780322182513,1.1825307417526572,-0.3239847754964302,-0.2040695150484347,-0.49165561496548443,-0.5806514027455847,0.3377540497533239,0.31178628438557837,1.222871985976414,1.222871985976414,0.3377540497533239,1.222871985976414,0.11605303169600922,0.23605303169600922,-0.025967765367745532,-0.02569558107441643
-0.8661864131319914,0.07447119711867688,0,1,-7.309481792635291,4.242041113993574,0.6946706116284086,0.25590685010422287,0.6517481414030399,-0.008794689485571452,0.513199811077181,0.284354328862189,0.2624921291384878,0.07447119711867688,0.07447119711867688,0.2624921291384878,0.07447119711867688,-0.020588464201403672,0.09941153579859632,-0.02186219972370118,-0.02814622844826073
-0.5887181061529682,0.06572870484920766,1,0,-0.06236409543993382,8.139857447711487,-0.41884874392503835,2.2297318414095484,-1.5679304164304986,1.2609373235629844,1.3679074507209708,0.06572870484920766,0.06067524187312611,0.12530057084898663,0.12530057084898663,0.06572870484920766,0.12530057084898663,1.695301654487165,1.8153016544871652,-0.0050534629760815505,-0.008966421174833473
-0.4148138213660293,0.014782013881611052,1,1,4.480513661645439,-1.3693870136229362,-0.8521588059655938,2.2292736105559734,0.9954902829453182,0.9711390068229115,0.028022187025876687,0.016013164472140972,0.014782013881611052,0.05674671798840303,0.05674671798840303,0.014782013881611052,0.05674671798840303,1.9511509742634505,2.0711509742634506,-0.0012311505905299204,-0.007560372081495436
1.29719309069374,0.23762036873917425,1,0,2.657948361396979,2.128742057363056,-0.21722615821867644,-0.20940882703960811,0.3905305963195172,1.4011862750338961,0.1813142178614196,0.23762036873917425,0.2193512466175517,0.35844629780364085,0.35844629780364085,0.23762036873917425,0.35844629780364085,1.0535017804597895,1.1735017804597896,-0.018269122121622544,-0.013754323375206816
0.1599112393175145,0.3668215423779416,0,0,-3.31433930317789,-12.849976452577437,-0.9114436231372903,0.8244270623849798,0.9211507463947922,0.6546595284477861,0.7454989065249826,0.5118209022500724,0.4724702412893983,0.3668215423779416,0.3668215423779416,0.5118209022500724,0.3668215423779416,0.44817016243093094,0.568170162430931,-0.03935066096067408,-0.020592102201313137
1.2835986301081355,0.24128165838309304,0,1,0.0093735535449615,-2.3130056309174907,-0.2709281301578081,-0.9289891671305796,-0.8681934306407798,-1.635463248457858,0.23694861154594976,0.2894352833356285,0.2671824412681661,0.24128165838309304,0.24128165838309304,0.2671824412681661,0.24128165838309304,0.31898901472204694,0.43898901472204693,-0.02225284206746242,-0.022444113594942472
0.4942201192784956,0.14945186533124238,0,1,-7.193533513703866,9.088389978993762,-0.08344878322659362,-0.43998770452970876,-2.95561882434507,-1.247317469694169,1.1208406514031668,0.3481059815327771,0.3213423218278709,0.14945186533124238,0.14945186533124238,0.3213423218278709,0.14945186533124238,-0.29603316447019734,-0.17603316447019735,-0.026763659704906184,-0.03381968959452029
-0.3092307239504844,0.3875989637691505,1,0,-1.833394204830907,-0.0387676731259875,-0.664626000063131,0.3605916776568414,-1.3906854299752562,1.4387054823592311,-0.1440276600546764,0.3875989637691505,0.35779893929782425,0.7569372718825556,0.7569372718825556,0.3875989637691505,0.7569372718825556,0.4381962680578966,0.5581962680578966,-0.029800024471326236,-0.020729480729650578
-0.3903572032092572,0.021854901728198317,1,1,0.11012497293366574,1.6602261615805438,0.2900403964835352,2.325779791881685,1.5164401005894037,-0.3065656212870578,-0.5932201848703592,0.023675132407464338,0.021854901728198317,0.29721829413636636,0.29721829413636636,0.021854901728198317,0.29721829413636636,2.0861949166484526,2.2061949166484527,-0.001820230679266021,-0.006909457402542868
0.5616087507496011,0.12987594920000134,1,1,-3.0321713615620034,2.144547419813648,-0.3255450115195318,0.5098982484765356,-0.10522413425087113,-0.39524414500347166,1.4671812507090423,0.14069293617037132,0.12987594920000134,0.16842295544545502,0.16842295544545502,0.12987594920000134,0.16842295544545502,0.07382981520439702,0.19382981520439702,-0.01081698697036998,-0.02642915734219766
0.8204256293327086,0.0033192625873958333,0,1,9.318065818193649,16.636527370494978,-0.11420989177783689,2.2995890930373193,0.09074256375217302,1.7853183942247275,0.3573194227106268,0.050380366941748723,0.046506940260885116,0.0033192625873958333,0.0033192625873958333,0.046506940260885116,0.0033192625873958333,2.759513262696081,2.879513262696081,-0.003873426680863608,-0.0044106065241421265
0.9967926857008693,0.2082149715469377,1,1,5.377812547127197,-1.5912522373728861,0.9629605732494478,-0.7246110515177244,-0.8537592225874118,0.4597059550149875,0.9885532424653152,0.22555658597310702,0.2082149715469377,2.001133324678453,2.001133324678453,0.2082149715469377,2.001133324678453,0.634151626217438,0.754151626217438,-0.017341614426169327,-0.01819087275791578
-0.261538511375743,0.5568434084069943,1,1,-9.125623577596244,12.384277142597108,0.040256502000462865,-1.2863933350836971,-1.360258366289327,-1.4271364021862412,-1.767622112939381,0.6032212630473424,0.5568434084069943,0.7457846860345032,0.7457846860345032,0.5568434084069943,0.7457846860345032,0.5470821496291137,0.6670821496291137,-0.04637785464034805,-0.01927803354060925
0.1752058564044724,0.25169984909957543,1,1,-8.347266646835264,2.1898435507351324,0.10948535944708751,1.1250439217080253,-0.013415786924808768,-2.2604147573378524,-0.19076046033454871,0.27266319146530865,0.25169984909957543,0.33098461925007744,0.33098461925007744,0.25169984909957543,0.33098461925007744,0.09996546147074903,0.21996546147074902,-0.020963342365733217,-0.02597265051995434
0.5840404092553264,0.10293424927768709,1,0,-4.453581421629103,14.17975646796568,-0.1627989966326071,2.0959987502254394,-1.4571379129195563,-0.3906776025991957,1.7058526805445642,0.10293424927768709,0.09502028811126971,0.35853694585008195,0.35853694585008195,0.10293424927768709,0.35853694585008195,1.3781634489407661,1.4981634489407663,-0.007913961166417377,-0.011077456416396332
-0.38396502593686194,0.08108099106680036,1,0,6.819264040497956,-9.748664800889813,0.44997834134654807,0.5633130735164247,0.11458443702387822,0.32994353865726456,0.777609530278536,0.08108099106680036,0.0748471882349922,1.690190078267122,1.690190078267122,0.08108099106680036,1.690190078267122,0.22860647021209915,0.3486064702120991,-0.006233802831808161,-0.02383805870710024
-1.1349400338027669,0.27635729844980966,0,0,1.9504855342970542,0.13001715385376555,-0.8094863188927663,0.8780585789081998,-1.3730030168855392,0.3283679728315381,0.17874096328632716,0.32330513611556183,0.29844825601903147,0.27635729844980966,0.27635729844980966,0.32330513611556183,0.27635729844980966,-0.05038084947519833,0.06961915052480167,-0.024856880096530365,-0.028710845841658925
-0.8062710667021233,0.2962886739309879,0,0,6.586552581199815,-3.3875740603002042,-0.6162930881921079,-0.022685275325646737,-0.6225401526655531,-1.0717013268617444,-0.35361474161364437,0.8007551228354768,0.7391901433422673,0.2962886739309879,0.2962886739309879,0.8007551228354768,0.2962886739309879,-0.4264323854813187,-0.3064323854813187,-0.06156497949320949,-0.036891308425325856
-0.24103544254798545,0.2755778982729291,0,1,-1.0780986511152009,0.8390660396677208,-1.1039886353716615,0.3227974640932481,-1.1500854941523635,0.7119770229910514,-1.18147906792882,0.46876298676276756,0.4327227756617329,0.2755778982729291,0.2755778982729291,0.4327227756617329,0.2755778982729291,0.30116210190502624,0.42116210190502623,-0.03604021110103467,-0.022712444444369338
0.662207139220301,0.3712347327523061,1,0,0.6430847631937833,9.376775460921625,-0.5662949155810063,-0.624603408215179,1.3251467288748389,0.33028994561659186,-0.21173380254439425,0.3712347327523061,0.3426928501501279,0.6301438427095208,0.6301438427095208,0.3712347327523061,0.6301438427095208,0.7181228342814181,0.8381228342814181,-0.028541882602178215,-0.01720051226280897
1.2589774955721018,0.009509494852293684,1,1,-3.602758674003358,3.7799651530141123,0.4987194410697233,-2.107192347329688,-0.043133589640907445,1.9975141778047627,0.13234650640267256,0.010301512793611339,0.009509494852293684,0.021122447869021913,0.021122447869021913,0.009509494852293684,0.021122447869021913,2.7310253311505,2.8510253311505003,-0.0007920179413176548,-0.004495173062004906
-1.3560472087346207,0.18315085436212322,1,0,-0.5627078347690586,7.345559389216851,0.0679131691693355,0.5481283796421961,0.8956052433143455,-1.9974666928898597,-1.6823264817910268,0.18315085436212322,0.169069547516354,0.492562424666804,0.492562424666804,0.18315085436212322,0.492562424666804,-0.2916973641951434,-0.17169736419514342,-0.01408130684576922,-0.03372207379705653
-0.5973450139299826,0.08959734185375014,1,0,-1.7956365660977918,-6.317558500078672,0.21029129108614655,-0.7148765618975097,1.3120252622199142,-0.3151743898852239,-1.9345307357131178,0.08959734185375014,0.08270877085798822,0.20860304846941505,0.20860304846941505,0.08959734185375014,0.20860304846941505,0.5973562468608353,0.7173562468608353,-0.006888570995761914,-0.01864261752160801
-0.3578624970632518,0.023901637711994946,1,1,-0.34824914459769274,-6.374108078330959,-1.268013916843997,-2.7496760196305754,-0.23412553728291255,-0.18838412726438336,-0.42446270978189776,0.02589233502965621,0.023901637711994946,1.5107215386831747,1.5107215386831747,0.023901637711994946,1.5107215386831747,2.3566416032514743,2.4766416032514744,-0.001990697317661265,-0.005769545570372292
0.7947170323066438,0.10084932895718177,0,0,8.710841546746478,2.2177495934599856,1.0788790390297387,1.1985198365166936,-0.1703884233561112,-2.134693667476856,0.6172815804922585,0.6183568975468782,0.5708153600264494,0.10084932895718177,0.10084932895718177,0.6183568975468782,0.10084932895718177,0.19982984326205389,0.3198298432620539,-0.04754153752042878,-0.024299792878142306
-0.5281105353885002,0.2604371740456802,1,1,-0.4579795392446274,-0.8928087050375415,0.5553602285085755,0.309391570156945,0.9814797493081158,-1.16482809646104,2.008755386185139,0.2821282225854977,0.2604371740456802,0.2709039672687011,0.2709039672687011,0.2604371740456802,0.2709039672687011,-0.5160195304750086,-0.3960195304750086,-0.021691048539817515,-0.03916175930014238
-0.4297323349474719,0.2715167735951822,1,1,5.806539614384578,-0.8096614939929774,-0.959427753141868,0.7492229272008546,-1.6873476944133516,-0.9302646872700508,1.5163686467253361,0.2941306094924906,0.2715167735951822,0.6048522724225943,0.6048522724225943,0.2715167735951822,0.6048522724225943,-0.5872371895233031,-0.46723718952330306,-0.022613835897308365,-0.041065944701952545
-1.411992577150224,0.37350813878644956,0,0,-9.440825055844726,-9.094423135010889,-0.2608998230008499,0.8399226051327979,0.2369553887192461,-0.10495815600017268,1.3638503249326897,0.6230428045689578,0.575140997396179,0.37350813878644956,0.37350813878644956,0.6230428045689578,0.37350813878644956,-0.2643085578835487,-0.14430855788354868,-0.04790180717277881,-0.033111922951586215
0.483407315973259,0.1091233461575684,1,1,14.17650589215598,9.61615701309124,-0.23665882465190033,-1.7807381075634705,-0.8032400919517051,0.5511917287016942,0.39550910636250813,0.11821190967391171,0.1091233461575684,0.3510371228328774,0.3510371228328774,0.1091233461575684,0.3510371228328774,1.488790063115094,1.608790063115094,-0.00908856351634331,-0.010289881292112665
-0.16139907459655461,0.20123227742091743,1,1,-1.9245278204594674,-2.4829659885690036,-1.5670582502354382,-0.724342519408201,-0.5817213492022466,-0.365469594114225,-1.3759135886015514,0.21799232372885943,0.20123227742091743,0.40475558828256175,0.40475558828256175,0.20123227742091743,0.40475558828256175,0.023384390372901354,0.14338439037290135,-0.016760046307942006,-0.02733309198398741
-0.6540450349795964,0.06919584849431337,1,0,2.8723269900776067,8.913820585326608,-0.6283711081194786,-0.7286104852595274,0.7715332597619193,0.8091213109902438,-0.145810458088816,0.06919584849431337,0.06387581884719375,0.2606385750922625,0.2606385750922625,0.06919584849431337,0.2606385750922625,0.4091608366713319,0.5291608366713318,-0.005320029647119626,-0.021134649101720478
-0.25951322448209657,0.5036044895212519,0,1,3.427566926478778,0.4733443101614729,-0.3920397958707315,0.1399243120391134,-0.8165751074555749,-1.146832082167441,-0.9402212089257169,0.7297479313185227,0.6736422441419604,0.5036044895212519,0.5036044895212519,0.6736422441419604,0.5036044895212519,-0.11184392312195582,0.008156076878044177,-0.05610568717656228,-0.029911718829263297
1.126995501931263,0.035046752578291485,1,0,-0.6694313493462405,6.043498182602979,-0.6348131639714567,-1.163473799792271,0.16205955906287475,0.7297156737837084,-1.5870983007982418,0.035046752578291485,0.032352230192788836,0.32373196649434594,0.32373196649434594,0.035046752578291485,0.32373196649434594,1.4812524507866671,1.6012524507866672,-0.0026945223855026484,-0.010341718850896263
-1.004886908319843,0.01304900407674993,0,1,2.0895128766213267,2.3842974069069465,0.02512871121603335,-0.21993579526633558,0.3415086855368029,-0.012938768103588062,-1.4535992799316308,0.06367706972090129,0.05878134394936546,0.01304900407674993,0.01304900407674993,0.05878134394936546,0.01304900407674993,0.24018759363380843,0.3601875936338084,-0.004895725771535825,-0.023654719708345553
-0.8416596311035961,0.1361408511611436,1,1,4.003225579372125,-6.64526366015602,-1.2623892988571654,0.029423575584972723,1.0287809197455093,-2.214187371043003,0.34572657980157995,0.14747962344512822,0.1361408511611436,1.4428972638833064,1.4428972638833064,0.1361408511611436,1.4428972638833064,-1.03576985379534,-0.9157698537953399,-0.01133877228398461,-0.055379027558206506
1.252252447465621,0.839880268003544,1,1,-1.4756568124921061,4.545373628904896,1.1896220052876432,-0.1530258762062131,0.5502024960264408,-0.7030690808978022,-0.11936619927687682,0.9098314327236173,0.839880268003544,0.8700318714116011,0.8700318714116011,0.839880268003544,0.8700318714116011,0.44101478987357345,0.5610147898735734,-0.06995116472007334,-0.020690566305708306
0.07577482801885757,0.1943193056350386,1,0,-1.5389047295185474,14.429430627619551,-1.6209135183081516,-2.344343308418874,0.9427658012252752,-0.9849949277244419,-0.4555278450034305,0.1943193056350386,0.1793793274502048,2.142896180306118,2.142896180306118,0.1943193056350386,2.142896180306118,1.494786230337743,1.6147862303377432,-0.014939978184833808,-0.01024883016396814
0.6697540967119173,0.004028679195914139,0,1,2.368647360796272,3.3464726573275296,-1.3864422532701932,-1.4099697030838758,-0.17383770009461635,-0.7295771941356465,0.37797099799469847,0.14957635583525122,0.13807637910446446,0.004028679195914139,0.004028679195914139,0.13807637910446446,0.004028679195914139,0.4792337125210384,0.5992337125210384,-0.01149997673078676,-0.020170044951681832
0.4017519100056866,0.18914548387834615,1,1,-0.7891748891125311,6.386687063281329,0.4525384189795919,0.32084964632460716,0.2386007909284437,1.5777682049318862,-1.067593769044886,0.20489885659453477,0.18914548387834615,0.5658657686850886,0.5658657686850886,0.18914548387834615,0.5658657686850886,1.1291840663791475,1.2491840663791476,-0.015753372716188624,-0.013077567328848357
-0.03533455229394842,0.5722309788729809,1,1,6.639091314832544,5.172259514487796,-0.05493486620291775,1.1326898205195888,1.2645398093380364,-1.4217636493445729,-0.3123554416558699,0.6198904191360827,0.5722309788729809,0.734083880088663,0.734083880088663,0.5722309788729809,0.734083880088663,0.3708997730313298,0.4908997730313298,-0.04765944026310176,-0.021680672748627595
-0.34829911914855655,0.13445452084194667,1,1,2.264552596738147,1.614284890040214,1.3581210958672605,0.5080791051990653,0.19526303147977275,-0.21768469343465674,-0.38380092570774543,0.145652843618514,0.13445452084194667,0.22852657085352143,0.22852657085352143,0.13445452084194667,0.22852657085352143,0.2081450579441284,0.3281450579441284,-0.011198322776567321,-0.024165460227415853
0.8315580224838186,0.14541275507943244,0,0,0.6947427809480168,2.5326519212186183,0.2882190630903242,-0.25237412498448336,-0.04257862104444418,0.07859870611503737,-0.6780715284934992,0.5830496269598925,0.5382226414013069,0.14541275507943244,0.14541275507943244,0.5830496269598925,0.14541275507943244,0.7030369743327023,0.8230369743327023,-0.04482698555858555,-0.017374374765138714
1.162336567811155,0.028458726968950108,1,1,2.405378170506193,6.254455845995742,0.5321293738814383,2.9142446484154196,-1.7769866393260751,0.3240125241899799,-0.7601900886189056,0.030828970887956227,0.028458726968950108,0.06948951120915836,0.06948951120915836,0.028458726968950108,0.06948951120915836,3.630564224509101,3.7505642245091013,-0.0023702439190061188,-0.0024677617669914497
1.0841883470160967,0.015379415474932396,0,0,-8.223597845109643,6.421135528556042,0.57740257751925,0.04655747332786092,0.7618547740424635,1.1755065765087795,0.19242111776818133,0.029839878497981708,0.027545679615678005,0.015379415474932396,0.015379415474932396,0.029839878497981708,0.015379415474932396,0.9718389618940622,1.0918389618940623,-0.002294198882303703,-0.014523892921771602
-1.1854716336476838,0.09987687535675493,1,1,-3.187753773242446,-12.553396003794587,1.1320522884141782,-2.3442978937886774,1.5904522979160232,0.3750621518923401,1.0778433557451819,0.10819532743375641,0.09987687535675493,6.959793332119941,6.959793332119941,0.09987687535675493,6.959793332119941,1.7633891189488806,1.8833891189488807,-0.008318452077001479,-0.008568519606466617
1.304911017844329,0.0517372738613039,1,1,4.1127391497038275,3.841652751144834,-1.2198757448415216,-0.8307698816053357,0.14593829414477413,-0.017037889337463016,0.2830685880099896,0.056046319690708175,0.0517372738613039,0.27960558939141933,0.27960558939141933,0.0517372738613039,0.27960558939141933,0.5645556231731301,0.6845556231731301,-0.004309045829404279,-0.019054767006610088
-0.35793525419764505,0.14493753270175314,1,1,5.5162015296800675,-2.399639342459974,1.0845151609299661,-1.7652203153028492,0.9738190717173091,0.008281909957927018,-0.20378186112454774,0.15700895479652557,0.14493753270175314,0.7240142107629719,0.7240142107629719,0.14493753270175314,0.7240142107629719,1.2907263235112127,1.4107263235112129,-0.012071422094772438,-0.011742368105361951
-0.7550295375448344,0.27847738357034446,0,1,-1.4011341880864943,-3.317406133057057,-1.4711152343848903,0.503048668376865,-2.414107851031037,0.6483940112387127,-1.492105835472992,0.41996505766158626,0.38767660963861633,0.27847738357034446,0.27847738357034446,0.38767660963861633,0.27847738357034446,-0.015418628717287275,0.10458137128271272,-0.03228844802296993,-0.02804938784706444
-0.1693276967684734,0.09795425637954566,0,1,6.87470839778099,8.86530838494833,0.053457912617474034,-0.11916883732792043,1.1695381472938837,-0.17865516901389017,-0.6941385611456656,0.5403078065769973,0.4987669683315347,0.09795425637954566,0.09795425637954566,0.4987669683315347,0.09795425637954566,0.3515974660053601,0.4715974660053601,-0.041540838245462564,-0.02196146686660509
0.831128435248732,0.19346507489723028,0,1,5.094114660354669,-4.1238558089082336,-0.506602695971203,1.2728827687546636,0.5362969691808936,-0.3856299815231613,-0.23644641996451343,0.21717558481507718,0.20047833237887497,0.19346507489723028,0.19346507489723028,0.20047833237887497,0.19346507489723028,0.9427487117243324,1.0627487117243324,-0.01669725243620221,-0.01480831105810445
0.5404641840280625,0.3573024557142428,1,1,-1.9394151235459374,-8.939096363281061,-1.567177090585447,0.388474200851541,-1.7598157076954657,0.7517964658354561,0.12862159249126584,0.3870611295237438,0.3573024557142428,0.36541471686276095,0.36541471686276095,0.3573024557142428,0.36541471686276095,0.13339967423837168,0.2533996742383717,-0.02975867380950098,-0.025400137975754626
-0.25538641185426775,0.07739522584156099,1,1,-1.0738872447086107,4.578415695426379,2.3869517995739225,-1.1001355537243058,-0.10266209104063294,1.7982877009230627,1.1913896402914144,0.08384124725394577,0.07739522584156099,2.142459507295611,2.142459507295611,0.07739522584156099,2.142459507295611,0.5515572533432045,0.6715572533432045,-0.006446021412384789,-0.019220605116258314
0.8376658668779747,0.05034339397824037,1,0,2.9714807305970563,-9.270985572511444,-0.6962120515798997,0.22396742837344774,0.001999356415087233,0.2819558673941572,-0.6986804359848298,0.05034339397824037,0.04647280991389621,0.6584263725990712,0.6584263725990712,0.05034339397824037,0.6584263725990712,0.6256734202841576,0.7456734202841576,-0.0038705840643441583,-0.01829398118514345
0.13986058075943492,0.13241705586684074,0,1,-1.33814916535091,-14.231257136559485,-0.08932040270073452,-1.5980523752767137,0.13512345186808206,0.45002067342183205,-0.227419412643884,0.402159064180905,0.3712396059929456,0.13241705586684074,0.13241705586684074,0.3712396059929456,0.13241705586684074,1.3321484284555436,1.4521484284555437,-0.030919458187959437,-0.01142254198377279
-0.5729714655393743,0.5690750057066469,0,0,6.527580738145536,6.135497917483177,-1.6150508905847878,0.9885318628514624,0.3645250379928023,-0.7260150977009768,-0.28060044683806395,0.8277338916690017,0.7640946858578803,0.5690750057066469,0.5690750057066469,0.8277338916690017,0.5690750057066469,-0.24919823275450684,-0.12919823275450684,-0.06363920581112137,-0.03278004274970307
-0.7080352829584932,0.08905101241907373,0,0,-6.17187397748738,-0.12071763663358626,-1.5006694027818388,-1.0254101277779044,-0.5378113463571395,1.2284208122801512,-0.6395033908874757,0.17942593581364086,0.16563101431529118,0.08905101241907373,0.08905101241907373,0.17942593581364086,0.08905101241907373,0.3844214058645249,0.5044214058645249,-0.013794921498349683,-0.02148611226029467
0.4102348444216199,0.2414796695791797,1,1,2.611972037839521,4.03493542161877,0.6402136593287587,-0.5383162028615798,0.24794756085187486,-0.14139550214380217,0.8730566000927434,0.2615918031615475,0.2414796695791797,1.4050579540652253,1.4050579540652253,0.2414796695791797,1.4050579540652253,0.31424373957742846,0.43424373957742846,-0.020112133582367797,-0.022515228351586158
-0.08251773581560166,0.019626844854850698,0,1,3.4608606780725477,-2.6868101832548223,-0.5348113382185579,-1.572528250002441,-1.3819490313636327,-0.5318774939427574,-1.2490599706780527,0.24135652528168317,0.22280015379460105,0.019626844854850698,0.019626844854850698,0.22280015379460105,0.019626844854850698,0.9520603855709896,1.0720603855709896,-0.018556371487082113,-0.014716669024116783
-1.3755051534136362,0.385136692300175,0,1,-2.3613976514303503,-12.434482908156703,0.4102120156795513,-0.4657681648580778,2.3746065500264315,-1.737714595137132,0.20363317870980122,0.6708322748642814,0.6192562386109509,0.385136692300175,0.385136692300175,0.6192562386109509,0.385136692300175,-0.47738194745042856,-0.35738194745042856,-0.051576036253330515,-0.03816589645554855
0.8471614930695031,0.6242014348080072,1,1,-0.2645127276207351,-6.420457747809158,-1.127953023505669,-0.4934013403826786,0.14141947334054417,-2.325371374874287,0.23682611678802748,0.6761893419516678,0.6242014348080072,1.17806201990322,1.17806201990322,0.6242014348080072,1.17806201990322,-0.38665690811101594,-0.26665690811101594,-0.05198790714366064,-0.035925918340738196
-0.4802750286244204,0.2162216534167339,1,1,-1.4939046186403386,-3.438419659809398,1.9029074622741677,-0.45343829836859284,0.2598078568055095,1.0249216931253993,-0.16395350002699655,0.23423012089764486,0.2162216534167339,1.5745203711040332,1.5745203711040332,0.2162216534167339,1.5745203711040332,0.36190528978405606,0.48190528978405606,-0.01800846748091095,-0.021811067601246598
1.5921196479887945,0.1807251143100969,1,0,7.242908127049594,-7.19797571729789,-0.5809601885314832,-2.2757364037217522,0.6409907193949733,-0.11316840972889723,-1.0126838513881617,0.1807251143100969,0.1668303072222438,0.19837938492264814,0.19837938492264814,0.1807251143100969,0.19837938492264814,2.589633178836878,2.709633178836878,-0.013894807087853123,-0.004939507367556224
-1.402989985154711,0.14274419159983803,1,0,-4.992814131023531,0.001125163754422065,0.12659671027769356,-0.5836803568061814,-0.5284261311155256,0.6062911561087082,-1.3383824113238445,0.14274419159983803,0.1317694966175564,1.4186700227140816,1.4186700227140816,0.14274419159983803,1.4186700227140816,0.35031780738399837,0.47031780738399837,-0.010974694982281624,-0.021980210314148766
-0.18070859639001138,0.18944703170283012,1,1,-5.166379231771761,-4.284962827639591,1.0473152860737585,-1.3976861631184037,-0.6627014083552638,1.9229461940665773,1.1273547616424222,0.20522551945308373,0.18944703170283012,1.169368193041127,1.169368193041127,0.18944703170283012,1.169368193041127,1.1855852496635755,1.3055852496635754,-0.015778487750253617,-0.012594970351883719
-0.6999776844392276,0.2340231533715863,0,0,4.671749869023817,0.4525363134944649,0.09760399249544019,-0.9405302155012165,-0.5292723066998932,0.0732753145856964,0.03752323233959842,0.2903150927915027,0.2679946077585891,0.2340231533715863,0.2340231533715863,0.2903150927915027,0.2340231533715863,0.31983345398458773,0.43983345398458773,-0.022320485032913617,-0.022431482023652676
-0.9754225203773388,0.09834933232184571,0,1,0.5086636271150322,0.3369748637950145,-0.09087092962596285,-0.03083251408418433,-0.2143751097051141,-1.4419787356400129,-0.5165107421608328,0.3937396797647246,0.36346753461185655,0.09834933232184571,0.09834933232184571,0.36346753461185655,0.09834933232184571,-0.4219134920164276,-0.3019134920164276,-0.03027214515286808,-0.03678033707012904
-0.48679071675837665,0.3584330853601323,0,0,4.604513773532413,2.4209941857427855,0.9146240539868465,-1.3683342975511175,-0.18955551153927852,-0.819753928770844,0.11135042939811132,0.3920239609359557,0.36188372651521666,0.3584330853601323,0.3584330853601323,0.3920239609359557,0.3584330853601323,0.47116966428756457,0.5911696642875646,-0.030140234420739043,-0.020278771759464496
1.7705676090369815,0.04687993851488894,0,1,6.3493143843438995,6.784146919263588,-0.38863318106681816,1.477393664974669,0.5065831541902538,-1.3118031657772113,0.6712280116136986,0.05160055423532104,0.04763331509723501,0.04687993851488894,0.04687993851488894,0.04763331509723501,0.04687993851488894,0.9814737235919723,1.1014737235919723,-0.003967239138086033,-0.01443090239053326
0.14337017007950356,0.21680072386121668,1,0,11.532732840632356,-2.114302533503335,-0.774651856262063,-0.5769963713775336,0.3138190201071218,-0.49174741973013475,0.8928558163229553,0.21680072386121668,0.20013229210474426,0.49449245827184873,0.49449245827184873,0.21680072386121668,0.49449245827184873,-0.04206534547349944,0.07793465452650056,-0.016668431756472424,-0.028552122766615014
-0.7917080387974289,0.13449624426947482,1,1,4.872917937791453,0.765330273109448,-0.7745100615133954,-0.6189465525913632,-0.6563708935481088,-0.5656387483550389,1.099191555547813,0.14569804206797432,0.13449624426947482,0.2805910778496949,0.2805910778496949,0.13449624426947482,0.2805910778496949,-0.45895382913325067,-0.3389538291332507,-0.011201797798499502,-0.03769988114163211
-1.828628410337405,0.22616992576376954,1,0,-6.208496844034873,-1.4469330719291864,0.6287962936103031,1.709943954012071,2.2676442038992546,-1.0307170319323398,0.07041912732728889,0.22616992576376954,0.2087811555335876,0.8302804796029646,0.8302804796029646,0.22616992576376954,0.8302804796029646,0.5588700258547944,0.6788700258547944,-0.017388770230181955,-0.01912712921556367
-1.7213625463476863,0.25182565941925306,0,0,-0.07757418821336337,-19.72200022032781,-1.176200316643433,-0.7776059277482671,-0.6300825102556694,-1.0571548741382744,-1.0518872728984137,0.5170168342202663,0.47726669102579733,0.25182565941925306,0.25182565941925306,0.5170168342202663,0.25182565941925306,-0.5613380672726953,-0.4413380672726953,-0.03975014319446901,-0.04036298291527261
-0.5364631441187353,0.5354165422767484,1,1,-1.5139518003804642,4.160967600201075,-0.14428437852025486,-1.216718418386407,0.8421269591376328,-0.9177535374175142,2.809568970096392,0.5800098160676442,0.5354165422767484,0.8557240524614499,0.8557240524614499,0.5354165422767484,0.8557240524614499,-0.1933571360216435,-0.07335713602164351,-0.04459327379089584,-0.03158216238205866
-0.6336879841386601,0.25215571514107565,1,0,-3.3578199519267597,0.027889528501283234,-0.45138445096439517,0.07201764191705222,-1.2953411844660352,1.7060917581276394,1.1195006808029162,0.25215571514107565,0.23276906248153909,0.32099542993091773,0.32099542993091773,0.25215571514107565,0.32099542993091773,0.19333237831272332,0.3133323783127233,-0.01938665265953657,-0.024405279212792983
-0.22405070623448545,0.023539467389419762,0,1,-5.776334354248601,4.226191338264255,0.29691587073611253,-1.3468025487795656,0.21066687772462028,-1.121431046017255,1.4623552634733608,0.22417816157968898,0.20694252545711533,0.023539467389419762,0.023539467389419762,0.20694252545711533,0.023539467389419762,0.21899345645499846,0.33899345645499845,-0.017235636122573644,-0.023991319673338823
-2.2721838004358514,0.6165165325325593,1,1,-5.280527485027485,-11.586135819154489,0.8091947318531727,0.09543903848773612,-2.4363756632473224,-0.9834159786590306,0.6877611315998724,0.6678643867003294,0.6165165325325593,0.6431932644993481,0.6431932644993481,0.6165165325325593,0.6431932644993481,-0.9108597032378245,-0.7908597032378245,-0.0513478541677701,-0.05095421703978435
-0.0916815950465335,0.20327452012972175,0,1,1.535325456876429,-2.0285488279420623,1.2128836917231558,1.1091698114921316,-1.5920130022414554,0.30155230681290407,1.0155152164829295,0.46711112455264,0.4311979146535858,0.20327452012972175,0.20327452012972175,0.4311979146535858,0.20327452012972175,0.4240297734060192,0.5440297734060192,-0.035913209899054166,-0.020926184185647356
1.0277297751471077,0.2092978622392274,0,1,1.104532582379735,-6.4051790014251875,-1.6583355655822452,-0.007904515373236347,0.27384239830845625,-0.3007645848467349,-1.8521618554012016,0.3689340814149387,0.3405690812932678,0.2092978622392274,0.2092978622392274,0.3405690812932678,0.2092978622392274,0.3820181160472165,0.5020181160472166,-0.028365000121670925,-0.021520564755907745
1.6228412473641953,0.4779057011989319,0,1,-2.6819554138815365,8.19691278364658,-0.3256981100737287,-0.327305430255024,-0.1480724045477542,-0.5634714254250696,-0.4430121532414673,0.6832510585165154,0.6307202208025672,0.4779057011989319,0.4779057011989319,0.6307202208025672,0.4779057011989319,0.6440322079777785,0.7640322079777785,-0.052530837713948175,-0.018071442266941695
-1.8944461479171393,0.5754517136121107,1,0,-10.268907583122077,-12.868676017313183,-0.0397062823469779,0.4424546049697111,-0.3044267628566672,-0.4096489283680019,0.09235403825445808,0.5754517136121107,0.5312088833915404,0.8162174839462218,0.8162174839462218,0.5754517136121107,0.8162174839462218,-0.41264186732105357,-0.2926418673210536,-0.044242830220570295,-0.03655369591463452
-0.8013927592391555,0.024211258927617888,0,1,9.423948582557811,-7.804332525314172,-1.9209159258951816,0.4770351272264581,-0.0005630971229588082,0.039693526597561826,0.960734307594464,0.44382764555305826,0.40970455458832195,0.024211258927617888,0.024211258927617888,0.40970455458832195,0.024211258927617888,-0.7658314199597661,-0.6458314199597661,-0.03412309096473631,-0.046258350650145344
-0.8542338609745351,0.034402006944437326,1,0,1.7130573375418887,2.7020292530587557,-1.9528155300482481,-1.9738338698589637,0.27380384532351953,-0.007116855128515773,0.17017694319193222,0.034402006944437326,0.03175705495891666,1.1820340706288437,1.1820340706288437,0.034402006944437326,1.1820340706288437,0.585567620151246,0.705567620151246,-0.0026449519855206646,-0.018789708671302436
0.14572142752565,0.1956891226467941,0,1,-3.8082748425391295,-4.915279004842828,-0.46212707517244556,0.6643536742399312,0.93263884299112,0.48398229395152703,-0.26082845840458313,0.3808585294544578,0.3515767342001859,0.1956891226467941,0.1956891226467941,0.3515767342001859,0.1956891226467941,0.6196810100286889,0.7396810100286889,-0.02928179525427188,-0.018367210721871415
-1.2197724678764534,0.30574365818346705,0,1,0.44522088378782554,-9.21476214756711,-2.107689387614403,0.7692362080371281,1.2217286662175928,0.64455841198398,-0.8796424273675065,0.9902679232312752,0.9141325072371365,0.30574365818346705,0.30574365818346705,0.9141325072371365,0.30574365818346705,-0.29781418459962405,-0.17781418459962406,-0.07613541599413876,-0.03385986914195333
1.6822632487266809,0.06105241027711053,0,1,12.977036479294618,8.912842840190997,0.6737943936677578,0.8605297079614455,1.5588162477990857,-0.8761099242279576,-0.22645458454413847,0.2528497346674417,0.233409723251039,0.06105241027711053,0.06105241027711053,0.233409723251039,0.06105241027711053,0.8838539910669384,1.0038539910669384,-0.019440011416402697,-0.015401297024455973
0.04352247168573978,0.1704014406669032,0,0,2.6274311598862563,7.2374842019206485,0.7472720511434552,0.05741007143815779,-1.1173276020512748,0.414616285026703,0.5786616338151667,0.5139349144147163,0.4744217204750412,0.1704014406669032,0.1704014406669032,0.5139349144147163,0.1704014406669032,0.24074926135724423,0.3607492613572442,-0.03951319393967506,-0.023645863971398142
-0.12314628929921174,0.10783953240302228,1,1,-14.260515416289916,4.549889926335047,0.08796289633100199,0.21958492717994416,-0.25870590168573016,1.4782789357160593,-0.9006921837126766,0.1168211708363087,0.10783953240302228,0.8169790246008912,0.8169790246008912,0.10783953240302228,0.8169790246008912,0.8331449644466263,0.9531449644466263,-0.00898163843328642,-0.0159308542224021
1.5927137337827775,0.3680041845895261,0,1,15.255611635032285,8.906434619356943,-0.5873207627637789,0.010985513527525621,0.8789540277008926,-1.4973731700945367,-1.3102967497654392,0.8593686266567611,0.7932972268386903,0.3680041845895261,0.3680041845895261,0.7932972268386903,0.3680041845895261,0.49358462593825125,0.6135846259382512,-0.06607139981807075,-0.019977992745646864
-0.016047624083348175,0.04787713223952138,1,0,-8.418817813409973,-0.9236774750733279,-2.037728507734718,0.03269522525327079,-1.1183058172065439,-0.3845501100179167,0.661378189891708,0.04787713223952138,0.04419616338841678,0.18852185455984632,0.18852185455984632,0.04787713223952138,0.18852185455984632,-0.7624620589536133,-0.6424620589536133,-0.0036809688511045963,-0.04615455987472339
0.40030340649868873,0.08314234360730167,1,1,-0.38734735844373536,-0.9819138896834776,-0.6415427207828466,0.23128202274336457,-0.29933790775172203,0.6721143150964368,0.4751280673480088,0.09006702560597767,0.08314234360730167,0.7095274097676036,0.7095274097676036,0.08314234360730167,0.7095274097676036,0.3776607640012334,0.4976607640012334,-0.006924681998675991,-0.021583170761932342
-0.7507982732920492,0.2387094092022829,1,1,-6.555907552525348,-6.457017970628173,-0.69193369617461,-0.16865175340045263,1.0437433977204944,0.393376870254097,-1.3969620577511315,0.2585908159211628,0.2387094092022829,0.4305880275631655,0.4305880275631655,0.2387094092022829,0.4305880275631655,0.31462412198247725,0.43462412198247724,-0.01988140671887989,-0.022509519477661395
-1.3705020650543835,0.050333392358494274,1,0,-4.947029453368889,-1.8397548456010404,0.6556180611713827,-1.0846106224362382,1.412513069961006,1.024098839841025,0.2898854759184008,0.050333392358494274,0.04646357725521824,1.5575458400562037,1.5575458400562037,0.050333392358494274,1.5575458400562037,0.6125138287032339,0.7325138287032339,-0.0038698151032760322,-0.01845518147507473
-0.6103616315042307,0.24468776144935156,1,0,0.8444710418137569,-4.899302188584559,0.1572328434361934,-0.20903225602742,0.6785239514000281,-0.37077816946206166,0.23556987063989387,0.24468776144935156,0.22587527235465013,1.8947602787611932,1.8947602787611932,0.24468776144935156,1.8947602787611932,-0.028236081373219674,0.09176391862678032,-0.01881248909470143,-0.0282900959377853
2.186975838944824,0.002500238008688952,0,0,-6.870985377034783,0.6746341151782156,0.8719343665194511,-0.5618065435255897,-0.6161927399906946,-1.194365480724459,-1.0644727461261723,0.008117927066785805,0.007493791174124491,0.002500238008688952,0.002500238008688952,0.008117927066785805,0.002500238008688952,0.7716533378670685,0.8916533378670685,-0.0006241358926613134,-0.01659750136258428
0.6330209482869559,0.03243793860716009,0,1,0.3094954065824251,4.186254963550902,-1.8283953114415024,0.7298287890155296,1.8089145420827708,1.4253289434703056,-1.6260844886265164,0.2565473450077266,0.23682304779872432,0.03243793860716009,0.03243793860716009,0.23682304779872432,0.03243793860716009,0.9123315576421344,1.0323315576421344,-0.01972429720900226,-0.015111660794681772
0.27453483711105,0.0030416978420216463,1,1,4.256022472279599,9.094490459176553,0.7248546715562,1.4221063499235564,-0.456809980738664,0.10144743065004946,-2.0078930508046704,0.0032950319360368794,0.0030416978420216463,0.07523772439761353,0.07523772439761353,0.0030416978420216463,0.07523772439761353,1.4217853341913809,1.5417853341913808,-0.0002533340940152331,-0.010759949192372843
-0.9763733901851996,0.6066488712083529,1,1,-4.543026697884932,2.0239924183124605,0.2667361679766415,-1.0635597294347174,0.19963501791151453,-1.5612029221888803,0.5428582244775959,0.6571748767996203,0.6066488712083529,1.925793617013201,1.925793617013201,0.6066488712083529,1.925793617013201,-0.20623381783509198,-0.08623381783509199,-0.05052600559126741,-0.03185444504634683
0.9112508009838458,0.013755254835774625,0,1,-5.168920839845153,15.751962351238486,1.0245126754266898,-0.7831798617151676,-1.1369225814104345,-2.156023042549981,-0.26641353407517704,0.3938877998913305,0.36360426672195534,0.013755254835774625,0.013755254835774625,0.36360426672195534,0.013755254835774625,0.062417178181473854,0.18241717818147385,-0.030283533169375154,-0.026631008506201072
-1.3576932743137915,0.04383929355116784,1,0,-2.0475330392055673,-7.236179035838957,-0.5815939342816051,-1.5510194123480547,0.45301875631217164,-0.44997038186464916,-1.0757359586452324,0.04383929355116784,0.04046876849112527,0.5957339600818783,0.5957339600818783,0.04383929355116784,0.5957339600818783,0.6112795307228236,0.7312795307228236,-0.0033705250600425743,-0.01847037385367342
-1.5670564496823811,0.040648004341969586,0,0,-3.892411892290843,-15.925236595228158,-0.5545724056404471,1.0713045389296156,0.6029369437552222,-0.13002606149848983,0.6191050184648526,0.4190094637659382,0.3867944852930363,0.040648004341969586,0.040648004341969586,0.4190094637659382,0.040648004341969586,-0.07688186244437911,0.04311813755562088,-0.03221497847290189,-0.029222597508284192
-0.5588871228816459,0.6681882212398341,1,1,-3.1458316267803297,4.687242881417116,-1.160911956386739,0.03237010072703053,0.14732233048647056,-0.4698365084987269,0.43545833595741784,0.7238396588418464,0.6681882212398341,1.722212892877834,1.722212892877834,0.6681882212398341,1.722212892877834,-0.44405775215758253,-0.32405775215758253,-0.0556514376020123,-0.03732734708091874
1.9544909119614478,0.7283730427242134,0,0,-1.6580897560918144,-1.5853266598908569,-0.7804334546444512,0.5098207077761179,0.5518587715312919,-2.917159880697066,1.1903057035101177,0.9598567720179569,0.8860594764396864,0.7283730427242134,0.7283730427242134,0.9598567720179569,0.7283730427242134,-0.275534964276709,-0.155534964276709,-0.07379729557827053,-0.03336067124260917
1.8978942323926116,0.14547885317169687,0,0,6.135958310469826,0.7775544396830298,-3.047632565352754,-0.6160490255561253,1.025348034257755,-0.31728672525244067,-1.466185982469542,0.6480268266612685,0.5982041565880759,0.14547885317169687,0.14547885317169687,0.6480268266612685,0.14547885317169687,-0.07969738814905919,0.040302611850940806,-0.04982267007319263,-0.029277500335233058
-0.45123692825054373,0.038558464003759764,0,0,1.174250997013863,-13.322461311410532,-1.0937370617166706,1.0269057463206197,-1.9215045305486382,1.1289911009620173,-0.05510209904228934,0.3088105343123399,0.28506805216011205,0.038558464003759764,0.038558464003759764,0.3088105343123399,0.038558464003759764,0.42251434864447907,0.542514348644479,-0.02374248215222785,-0.020947336240417114
-0.6741990181979842,0.3891524185748876,1,0,-5.775394145042908,-7.462152456413182,-1.1923953304424335,-0.5831150723026911,-1.0172243411016413,0.8662252008585286,0.7324278097628383,0.3891524185748876,0.359232958822373,1.0449647879055897,1.0449647879055897,0.3891524185748876,1.0449647879055897,-0.10428119391401375,0.015718806085986248,-0.029919459752514588,-0.0297612888818091
-1.6403620405597799,0.32849346892845743,1,0,-7.277710522277562,-13.640492524133276,-1.7191611338760466,-0.4035921185193341,-0.8631856623442771,1.2935099684593703,-1.350099118126421,0.32849346892845743,0.30323769084910945,0.5834620280833417,0.5834620280833417,0.32849346892845743,0.5834620280833417,-0.1961617793953635,-0.0761617793953635,-0.02525577807934798,-0.031641268757241936
0.07803072552008439,0.12447258372645763,1,1,-0.06671759830816903,-2.554145626343394,1.604229104685014,-0.033294739516937566,-1.1619344063800876,-0.6772741840092779,-0.8016188407684506,0.13483954023096006,0.12447258372645763,0.26605696470659823,0.26605696470659823,0.12447258372645763,0.26605696470659823,0.05265051078207997,0.17265051078207996,-0.010366956504502436,-0.02680497170691091
0.16201275198811943,0.0005489973019518887,0,0,-4.184763574035449,-1.192720377546107,-1.274618402015506,0.09482685973037566,-1.2279155506918433,-2.1803662087381888,-0.3796764708481731,1.6663294309421224,1.538215936167814,0.0005489973019518887,0.0005489973019518887,1.6663294309421224,0.0005489973019518887,-0.6791099391128144,-0.5591099391128144,-0.12811349477430833,-0.04365979613323721
0.7895562541969123,0.16414355077584056,1,1,3.3662293110518533,2.810035693954359,-1.8028561964178826,-0.7521608680675204,-0.9091028886033559,-0.8712160720258142,2.0009631015901537,0.17781458579771597,0.16414355077584056,0.19670177174006578,0.19670177174006578,0.16414355077584056,0.19670177174006578,-0.5382312680432276,-0.41823126804322763,-0.013671035021875416,-0.039745974584072065
0.910707513325164,0.040062125080647194,0,0,7.932666832795567,11.422476122118526,0.05641156716957076,0.24537100899533215,-1.7763982963422946,-0.6539631336369219,0.21530262994151197,0.23158735106547676,0.21378206938492203,0.040062125080647194,0.040062125080647194,0.23158735106547676,0.040062125080647194,0.2209799882117992,0.3409799882117992,-0.01780528168055473,-0.023959567691140892
-0.19742191766463293,0.13783882727732283,0,1,-1.240449327732406,5.325600329016183,-1.0245289129130064,0.9080628435179854,-1.2026965859010301,-0.2863661358651756,-0.5860516399755586,0.15216070686122982,0.1404620357813464,0.13783882727732283,0.13783882727732283,0.1404620357813464,0.13783882727732283,0.17354042640828382,0.2935404264082838,-0.011698671079883427,-0.02472943178893159
0.5560278747595844,0.09287948470118376,0,0,-5.000186151628729,-10.95677276594841,0.16432065938191598,-0.640490071855426,-0.27089362707093734,-0.23613009177798555,-0.734387757391301,0.11196003088197341,0.10335213464910221,0.09287948470118376,0.09287948470118376,0.11196003088197341,0.09287948470118376,0.6313575118948195,0.7513575118948195,-0.008607896232871198,-0.018224789255708782
-0.7006388678465361,0.09963129245924196,1,0,0.9359066413544829,3.6329381891837675,0.48509386849711267,0.23838837483742528,-0.0886139452531673,-0.4304583334619581,0.796544030519997,0.09963129245924196,0.0919712746807538,0.524456783560128,0.524456783560128,0.09963129245924196,0.524456783560128,-0.19968127299722369,-0.07968127299722369,-0.007660017778488154,-0.03171559675073874
0.5370425333606856,0.32172058861721414,1,0,-0.6081886387075258,0.8247312137819424,-0.23583424381418136,-0.3066972878259372,0.10469002988812601,1.6965866829708507,-1.340356208021204,0.32172058861721414,0.29698553432168057,0.6663713475764581,0.6663713475764581,0.32172058861721414,0.6663713475764581,1.190015471797374,1.310015471797374,-0.024735054295533576,-0.012557826220184401
-0.5072320781845587,0.07933849208686992,1,1,-0.8942088104651552,-2.295529209266241,0.7698568930553547,-1.893171161238105,0.21727315822862395,1.5750828276087308,0.48866852446730713,0.08594636244653821,0.07933849208686992,0.49895670444281115,0.49895670444281115,0.07933849208686992,0.49895670444281115,1.7258356905285044,1.8458356905285043,-0.006607870359668283,-0.008785745646454813
0.4594585159669378,0.05627289636840843,1,0,2.947556212353346,0.5467603549631204,0.1706250785397928,-0.5604494688030756,0.03104720048855424,-0.2520628154033563,-0.7859766079313554,0.05627289636840843,0.05194643049619897,0.2987298212331947,0.2987298212331947,0.05627289636840843,0.2987298212331947,0.5919668418764383,0.7119668418764383,-0.004326465872209459,-0.018709719740294478
0.37850132528536523,0.14333100540444785,1,1,3.304880109853432,2.6486012824890457,-0.28987561547486984,0.19838116062643954,-0.7672170685306403,-0.8062818206846841,-1.3602434375921744,0.15526862455148796,0.14333100540444785,0.2557444119738154,0.2557444119738154,0.14333100540444785,0.2557444119738154,0.309607609965195,0.429607609965195,-0.011937619147040113,-0.022584925014949533
0.06880362569506428,0.4449725632027793,1,0,-0.1394389963295792,-5.491870981722827,0.3907250260888961,0.5453232619670604,0.23166044423651747,0.9651704927286658,0.08786763708072752,0.4449725632027793,0.41076144678604587,0.5482866159773866,0.5482866159773866,0.4449725632027793,0.5482866159773866,0.6891883108081676,0.8091883108081676,-0.03421111641673341,-0.017535525441003705
0.7945397181593544,0.19410545028393197,0,0,1.5187071830439516,0.19674848680103274,0.3920109373657567,0.30383742563756283,-0.09154001941820787,-0.5308218281296473,2.214152615791911,0.2513705564759609,0.23204426968326453,0.19410545028393197,0.19410545028393197,0.2513705564759609,0.19410545028393197,-0.021007349310749157,0.09899265068925084,-0.01932628679269638,-0.02815408956983275
-1.5703990713606855,0.11946231899536801,1,1,7.473777267776115,6.033092859814971,-0.4519509798535085,-0.6658777111204364,0.43400982345010697,0.25185441529500513,-1.4047915476103274,0.1294119852421427,0.11946231899536801,0.20642299390749244,0.20642299390749244,0.11946231899536801,0.20642299390749244,0.19342228183317872,0.3134222818331787,-0.009949666246774694,-0.02440381650961488
-1.06491621822094,0.440264552790516,1,0,3.5838649061643695,-6.924307275426657,1.1226782545637386,-0.09419457535083331,-1.1109310952157205,1.188784114353874,0.625675571596154,0.440264552790516,0.4064154054155273,0.6741478185289456,0.6741478185289456,0.440264552790516,0.6741478185289456,0.11192730931558892,0.23192730931558891,-0.03384914737498873,-0.025766353581649457
-0.2700596735530343,0.05044142411810745,0,0,3.8252428645985734,-7.979138220429152,-1.2645419919479142,1.7771828402577243,0.6587973683661927,-0.010196115625046132,1.5902188056217794,0.1557058914995944,0.14373465367197955,0.05044142411810745,0.05044142411810745,0.1557058914995944,0.05044142411810745,0.6345445688428243,0.7545445688428243,-0.011971237827614861,-0.018186108069159775
-1.443263387673323,0.1354372190940169,1,0,-1.7001256563840783,-2.6041491336898215,0.15929778382964058,-0.02808307510403198,-0.660300116021989,0.5818504393070786,0.4766029673239799,0.1354372190940169,0.12502431085483517,0.7403652459895181,0.7403652459895181,0.1354372190940169,0.7403652459895181,-0.12505446914831395,-0.00505446914831395,-0.010412908239181728,-0.030176315700935746
-0.40686451455470535,0.18928245694050308,1,1,-5.4759057011262335,-9.027831413742895,0.014680139889711287,-0.789986353867603,0.12992985416607386,-0.06979878576213788,-1.333474318734201,0.2050472377413892,0.18928245694050308,1.2339878755427331,1.2339878755427331,0.18928245694050308,1.2339878755427331,0.5661812805149071,0.6861812805149071,-0.015764780800886113,-0.019034127178472922
-0.37463029507755025,0.43826919161137057,0,1,3.946655400684064,-12.2205751171493,-1.4718123513241856,0.5651533788097695,-2.601888315051689,0.20541052696125997,-0.4780830577538245,0.6329876379991396,0.5843212356976721,0.43826919161137057,0.43826919161137057,0.5843212356976721,0.43826919161137057,-0.1944343223932418,-0.0744343223932418,-0.04866640230146746,-0.03160485044410982
1.3096837866666937,0.18015062514061986,1,1,2.8758854120746324,-0.771820318937178,1.3082466068799101,-0.49346820915387574,0.659484214251896,-0.3969138412377916,0.11374815348614345,0.19515484244839273,0.18015062514061986,0.43639099190078473,0.43639099190078473,0.18015062514061986,0.43639099190078473,0.5630362871954135,0.6830362871954135,-0.015004217307772877,-0.019074077179879603
0.14253370229146237,0.22672677450910947,1,1,-1.9266770222735379,10.843202789058008,0.7368365309200512,-0.46255571632458015,0.996554884498404,-0.9936978771064832,0.2945928425583791,0.24561018272137472,0.22672677450910947,1.8512619320599553,1.8512619320599553,0.22672677450910947,1.8512619320599553,0.0986258352711154,0.2186258352711154,-0.01888340821226525,-0.025995856642995654
1.029429576063878,0.15828054514107842,0,0,0.11098274408933961,0.7156478283628674,0.9226397227878528,0.6600374917903349,1.9164448767354103,-0.7634393173106605,-1.379149251348588,0.2120693012755876,0.19576463857428714,0.15828054514107842,0.15828054514107842,0.2120693012755876,0.15828054514107842,0.8566194890583905,0.9766194890583905,-0.01630466270130046,-0.01568348209907253
0.30167471880971813,0.09726749672468399,0,0,-4.480461192763499,1.5800721383396044,-0.9943351084951194,0.660442566548437,0.4979229342693786,0.10225665964741577,-1.12295704910713,0.14755780901231025,0.13621302553626083,0.09726749672468399,0.09726749672468399,0.14755780901231025,0.09726749672468399,0.5445353015235574,0.6645353015235574,-0.01134478347604942,-0.01931079349308119
-0.5356672712320654,0.13246503107579255,1,0,4.519738088499537,-18.154469793342248,0.7668672933290608,-1.2247047776505404,1.1589495823768998,2.857438423139865,0.3664511465715505,0.13246503107579255,0.12228063551067779,0.6532628609319124,0.6532628609319124,0.13246503107579255,0.6532628609319124,1.4788899596271383,1.5988899596271384,-0.01018439556511476,-0.010358019830739876
0.13371680774651215,0.06741610519890041,0,1,2.753876346525672,4.222667241204343,0.5831081356577431,-0.4928597688955594,-1.8102133210868163,-0.6027193630302223,-1.0928952410987494,0.08333775574648114,0.07693044460075353,0.06741610519890041,0.06741610519890041,0.07693044460075353,0.06741610519890041,0.3186551558595229,0.4386551558595229,-0.006407311145727609,-0.022449109595064933
0.7294263339321729,0.01729020625075707,0,0,1.439416537122821,1.6694414970737337,-1.4470045764150157,1.7223599419956492,0.272862518025773,0.37968758061398367,-0.30902236519624954,0.06407318823899923,0.05914700742852812,0.01729020625075707,0.01729020625075707,0.06407318823899923,0.01729020625075707,1.293299116783665,1.4132991167836648,-0.004926180810471109,-0.011722244910792424
1.193401326442581,0.06358971775233986,1,1,1.0274457647635318,-3.2831500742478865,-0.17287108244343635,0.9645506822393334,-0.03233711869521544,0.5306939380247327,-0.19600429784501586,0.06888591887821051,0.06358971775233986,0.22077895751846255,0.22077895751846255,0.06358971775233986,0.22077895751846255,1.1115660507689733,1.2315660507689734,-0.005296201125870648,-0.01323207343988993
-0.13231006293443334,0.1978586785993955,1,0,-3.258101462672313,1.9794361220111143,-0.3421528907320472,-1.406914165601862,-1.977749062367128,-0.2615619010664018,0.05649669199323269,0.1978586785993955,0.1826465804895616,1.39019411467289,1.39019411467289,0.1978586785993955,1.39019411467289,0.6131803222153234,0.7331803222153234,-0.0152120981098339,-0.018446983124113837
-1.647510643852944,1.0678483543446193,1,1,-12.21576173147283,-0.2744203081770866,-1.286130036708791,-0.03447486503463288,0.053752562990502024,-2.156008006059379,-0.9151246594795012,1.1567863124995128,1.0678483543446193,1.0690247453537336,1.0690247453537336,1.0678483543446193,1.0690247453537336,-1.105633771986239,-0.985633771986239,-0.08893795815489347,-0.05801936903105002
-1.7178022574219018,0.24287057378540605,1,0,-9.589078177625186,-9.975417345389758,0.4072638937354685,0.3870587293957439,-1.1536749163997606,0.15844805049973495,1.0224072253604721,0.24287057378540605,0.22419779671760987,0.35973551028439765,0.35973551028439765,0.24287057378540605,0.35973551028439765,-0.38361606366877943,-0.26361606366877943,-0.018672777067796187,-0.03585316202645405
-0.3264126101168869,0.6215087139726098,0,0,-4.022042029823812,2.337356404980844,0.7770729589908982,-0.09528578701393456,-0.4679763133242924,-0.6293444843345044,0.4678197829096571,0.8388099664204871,0.7743191915147767,0.6215087139726098,0.6215087139726098,0.8388099664204871,0.6215087139726098,-0.12690885572303995,-0.006908855723039953,-0.06449077490571042,-0.03021364447331329
-2.337901501147973,0.3077323134812401,1,0,-8.169287863742403,4.90054819602067,0.19510397314288802,0.6294040061022004,0.13187381312115198,0.8187639503474419,0.09459253295770016,0.3077323134812401,0.2840727288859092,0.3446619117583923,0.3446619117583923,0.3077323134812401,0.3446619117583923,-0.02428606999468108,0.09571393000531891,-0.023659584595330907,-0.02821569647311999
1.7951044657368305,0.1717424102707131,0,1,4.157193935494197,2.096753780795405,0.7846887161316864,0.8708227703666389,-0.8045266302248135,-1.808144046870746,1.5434928560145533,0.7389974833750254,0.682180656842072,0.1717424102707131,0.1717424102707131,0.682180656842072,0.1717424102707131,0.15693583685903761,0.2769358368590376,-0.05681682653295339,-0.02500470059629212
0.5969332313997334,0.09573312769551456,1,0,5.0054746019635825,-5.607196660452699,0.2566587307122617,-1.7144858954961215,-0.7138194972187111,0.7718742923698284,-0.279676831132893,0.09573312769551456,0.08837281506644866,0.3801852251607213,0.3801852251607213,0.09573312769551456,0.3801852251607213,1.6952237055446058,1.8152237055446059,-0.007360312629065904,-0.008966887135639832
-0.6356670094972448,0.17441398009229603,1,0,-2.1392854851668863,-1.452128860003688,-0.5120614193191271,1.4008818603129667,-1.0472871463838105,-0.7981533577548339,0.21138647504826755,0.17441398009229603,0.16100439606155173,0.6016180185075087,0.6016180185075087,0.17441398009229603,0.6016180185075087,0.2695156539439153,0.3895156539439153,-0.013409584030744298,-0.023196713743585076
-1.1096475940087958,0.3259614610477557,1,1,5.146083658203687,4.194520929023194,0.39045493205388226,0.4963430343407315,0.9112380445689469,0.19857862068151685,0.48938393893840915,0.35310983531346846,0.3259614610477557,0.9283700561608993,0.9283700561608993,0.3259614610477557,0.9283700561608993,0.04708915604096167,0.16708915604096167,-0.02714837426571276,-0.026904537470693712
1.02811909597611,0.24685722654626982,1,1,-1.903781993663135,-7.533370246683558,-0.2592092593150832,0.06269830323671424,0.10753418005363442,0.21509813581903608,0.7725398075827608,0.26741724107968157,0.24685722654626982,0.4542694892466454,0.4542694892466454,0.24685722654626982,0.4542694892466454,0.47033741113834143,0.5903374111383415,-0.020560014533411747,-0.020290026262480436
-1.1136371556510056,0.16153081486064796,0,0,-2.7192547969957785,2.8026261187540022,0.555145681944831,0.0442170029001831,-0.8091259849410398,0.06767125806270954,-0.028017784895743934,0.6895814184087006,0.6365638794975538,0.16153081486064796,0.16153081486064796,0.6895814184087006,0.16153081486064796,-0.07630416661636846,0.04369583338363153,-0.0530175389111468,-0.029211345160125336
-1.0182267636010525,0.15400740510327574,1,1,-2.639133731575764,-6.41124038982224,0.19318157981319836,2.206525307140402,-0.5237727785412354,0.42228901912535954,1.0684620672442982,0.16683423027455704,0.15400740510327574,0.163120876289801,0.163120876289801,0.15400740510327574,0.163120876289801,1.4922043565884326,1.6122043565884328,-0.012826825171281309,-0.010266486145154782
-0.7659459400266918,0.0865886186945723,1,0,2.573355197031569,0.6254870616808472,0.09800191409938289,2.337845119172165,-0.3780392917314767,0.32408922232004705,-0.798805744892982,0.0865886186945723,0.07993136932799912,0.12018883175772378,0.12018883175772378,0.0865886186945723,0.12018883175772378,2.0863446386371907,2.2063446386371908,-0.0066572493665731786,-0.006908767771825461
0.11408741457432525,0.09195711515171096,1,1,1.266586672457187,-4.3185402875608965,-0.35152473514329313,0.2489339103966579,0.8463040623077297,0.3190948340235742,1.259114849334736,0.09961595362454546,0.09195711515171096,0.30743652228885837,0.30743652228885837,0.09195711515171096,0.30743652228885837,0.16577562910414143,0.28577562910414145,-0.007658838472834509,-0.02485777637575887
0.6207974391473984,0.04998810618960278,1,0,2.1948292459502032,-4.44353036387907,-0.09496531059267174,-0.33216852983900536,2.7039851072793866,0.39423764944203077,-0.7194815459785476,0.04998810618960278,0.04614483794853329,0.4919553410680013,0.4919553410680013,0.04998810618960278,0.4919553410680013,0.8902550875705051,1.010255087570505,-0.0038432682410694946,-0.015335713600235923
1.192672233415663,0.029824496375734703,1,1,-5.151758278609286,12.841292175469514,-0.6942637622480688,-0.9426799145313405,0.9365693558567879,-0.36437729289324183,0.12736247565648562,0.032308491223752074,0.029824496375734703,1.7189141138642816,1.7189141138642816,0.029824496375734703,1.7189141138642816,0.7278464120151522,0.8478464120151522,-0.0024839948480173714,-0.017089372531901147
1.0449712989467017,0.4787657027210744,0,1,-2.993397715633707,-7.9949722600792175,-0.06350867443826871,0.7314924079409346,-0.8467440928840201,-1.0755722861430155,0.22429730718159427,0.5567240798815902,0.5139210985657551,0.4787657027210744,0.4787657027210744,0.5139210985657551,0.4787657027210744,0.3369802732042454,0.4569802732042454,-0.042802981315835154,-0.022176523000693033
0.0007737092347416462,0.3030735567042305,1,0,4.327913100132122,3.4973246949210504,0.600959284699897,0.33253231309764075,-0.8094537290973276,0.6774848420913938,-0.7438609270956342,0.3030735567042305,0.2797721543512121,0.6432496447651758,0.6432496447651758,0.3030735567042305,0.6432496447651758,0.6123625395519458,0.7323625395519457,-0.023301402353018363,-0.018457042948108206
1.0205219737563338,0.17861189567404667,1,0,-7.373255636175024,13.572479991175667,-0.5215386447863833,-0.9439535247220022,1.3011583486520308,0.6334215410273492,0.6049933756788733,0.17861189567404667,0.1648795605558169,1.6915956958675689,1.6915956958675689,0.17861189567404667,1.6915956958675689,0.9482900490603189,1.0682900490603189,-0.013732335118229771,-0.0147537067492036
-0.6709996139763603,0.044269161432950524,1,0,3.3228291387608517,4.876929478311533,1.2472114211424503,2.8126492482387233,-1.7092261039101555,-0.7383765808771081,-0.6161750841745238,0.044269161432950524,0.04086558655958546,0.21711140789544825,0.21711140789544825,0.044269161432950524,0.21711140789544825,2.488855877569401,2.6088558775694013,-0.0034035748733650673,-0.005282769414707927
-1.8208660144619664,0.2908263973871589,1,0,0.5744652130956516,-11.818896975455587,-0.8508196223826928,-1.0775832476037126,-0.2996530640553656,-1.216603715289405,0.3350423675374132,0.2908263973871589,0.2684666013888219,0.39500570739961655,0.39500570739961655,0.2908263973871589,0.39500570739961655,-0.564072722389078,-0.444072722389078,-0.022359795998336984,-0.040436635925227206
-0.6711310717105081,0.10938640253061663,1,1,-4.889794632388379,-10.882884486662618,0.051698321428614635,0.4810286647636553,0.5077284516382525,0.6030068534266765,-0.3734089368238823,0.11849687524090434,0.10938640253061663,1.003733610536135,1.003733610536135,0.10938640253061663,1.003733610536135,0.4009860194629855,0.5209860194629855,-0.009110472710287712,-0.021250144796701835
-0.8062605142762874,0.3532333008925446,1,1,-6.712393441709057,-5.911337162762115,2.1211434026336673,0.23443111648209775,-1.862484752624795,-1.0023757457662175,-1.7405029890278156,0.382653066729031,0.3532333008925446,0.7922556202818175,0.7922556202818175,0.3532333008925446,0.7922556202818175,-0.28812505419509105,-0.16812505419509105,-0.029419765836486367,-0.03364185888484885
-0.6319870717991768,0.1817030178095715,1,1,7.817425615055647,-0.42398646153326625,0.01733462915130733,-0.12180522405333363,-0.4684256978994578,2.010926112400514,0.5489828740769108,0.19683652935062146,0.1817030178095715,1.0672194101641406,1.0672194101641406,0.1817030178095715,1.0672194101641406,0.5290929241804243,0.6490929241804243,-0.015133511541049971,-0.019510623384302893
-0.9593747292418892,0.03791745362820903,1,1,5.297342063110145,0.50335758936772,0.7260983614463344,-0.9310734879421032,-0.9991448913310123,0.03680549909695475,0.17300713965222583,0.041075487154603775,0.03791745362820903,1.085231147610568,1.085231147610568,0.03791745362820903,1.085231147610568,0.20088015290204192,0.3208801529020419,-0.003158033526394745,-0.024282783962573506
-0.4611095775797121,0.6194512187645417,1,1,-0.9965437604264222,-9.829523250883327,-1.856311567114457,-0.18030702284953407,0.014072082873504806,-0.21514916577112894,-0.8133904123466764,0.6710434943431195,0.6194512187645417,0.7515317209455964,0.7515317209455964,0.6194512187645417,0.7515317209455964,-0.4204808034712102,-0.3004808034712102,-0.05159227557857782,-0.03674522399642475
0.620017214093578,0.10555398442512963,1,1,2.0562491443613533,-5.664272503638436,-0.53953518192114,-0.17685919357279603,0.09080002361004777,0.604791582550568,1.0808562049508712,0.11434526626930694,0.10555398442512963,1.879557622995476,1.879557622995476,0.10555398442512963,1.879557622995476,0.357187259775528,0.477187259775528,-0.00879128184417731,-0.02187977911990773
1.7152571026625716,0.09390126808428288,1,0,-0.3825195263563428,-3.813362135971706,-0.2943477235272498,-0.45615619611535785,0.43765567353430623,0.6108449164108543,-0.4342004332588856,0.09390126808428288,0.08668179551503523,0.47049369928692153,0.47049369928692153,0.09390126808428288,0.47049369928692153,1.0948241565447878,1.214824156544788,-0.007219472569247654,-0.013380587348797572
-1.7253464742590232,0.005401577715814456,0,1,-2.8134905552035683,-5.240808402224825,0.7903934769661722,0.9795853411559731,1.291686465658673,1.7783209067198225,-0.8664161386594389,0.3484944858910563,0.3217009565516409,0.005401577715814456,0.005401577715814456,0.3217009565516409,0.005401577715814456,0.8824953093030755,1.0024953093030755,-0.026793529339415423,-0.015415253651978161
-1.2877346269007441,0.0697119909681124,1,1,-5.571973380964327,12.8803881106713,0.01389820933251119,0.011277696618660139,-0.0980735685325076,-0.6492629196101362,-1.4855620032310715,0.07551809827762967,0.0697119909681124,0.6353531194438343,0.6353531194438343,0.0697119909681124,0.6353531194438343,-0.07178632207560476,0.04821367792439524,-0.005806107309517278,-0.029123495978677437
-0.7914462587281675,0.10293648592797261,1,0,-1.4519894554994657,-7.8301600777888245,0.0926794460290038,-0.7683556595479125,0.085993480747625,-0.7940435416988534,-1.0996583458443414,0.10293648592797261,0.09502235279970944,1.1015118095809278,1.1015118095809278,0.10293648592797261,1.1015118095809278,0.1796495675971613,0.2996495675971613,-0.007914133128263168,-0.024628919548810278
0.7657418774365927,0.07305938576436052,1,0,9.513960881705632,-7.161566345272794,0.2342983603768977,0.15092152680649595,0.579281971320933,2.1858637664176253,0.2772895312108468,0.07305938576436052,0.06744231325604827,0.31081373413360136,0.31081373413360136,0.07305938576436052,0.31081373413360136,1.160373479640448,1.2803734796404478,-0.005617072508312254,-0.012808453754879495
-0.2049474429730497,0.2954052607822773,1,0,-1.3954714520836564,-8.931012713158744,0.4850817670641296,-1.0775613288673254,-1.2869074405363745,1.5828294467733337,-0.9234797799333037,0.2954052607822773,0.27269342503672717,0.7103166971910004,0.7103166971910004,0.2954052607822773,0.7103166971910004,1.1799755092070807,1.2999755092070808,-0.022711835745550135,-0.012642161550160137
-0.7241092231036228,0.39391296335570913,0,1,-5.791125377830511,4.074032715455947,-1.043944071468642,-0.03909892121655298,-0.09019241337738836,-0.9025065064432917,-0.3049732187131,0.8548914859528742,0.7891643050698591,0.39391296335570913,0.39391296335570913,0.7891643050698591,0.39391296335570913,-0.46200892246628383,-0.34200892246628384,-0.0657271808830151,-0.037776743826308024
0.7167330077054214,0.11654719067989082,1,1,-5.7832136748551815,0.7956795145854025,1.2293757176501043,-0.8059936088317976,-1.3936724843661716,0.9425936208997923,0.4922969119380367,0.1262540644373732,0.11654719067989082,0.4842876163964472,0.4842876163964472,0.11654719067989082,0.4842876163964472,0.7647175015301357,0.8847175015301357,-0.009706873757482373,-0.016674424102077173
0.9563902663419689,0.12172138112512475,0,1,3.0682519047664636,-4.759908678916419,-0.6205186206486616,-1.582167016126918,-0.7446233564385631,-0.05470443684927131,1.165672089883819,0.34695459360414216,0.32027945680991576,0.12172138112512475,0.12172138112512475,0.32027945680991576,0.12172138112512475,1.0164859248051294,1.1364859248051293,-0.026675136794226395,-0.01409796469484392
-0.018759959423630203,0.0984105880934823,0,1,-2.3816665763265146,-1.8032649421988065,-1.036581974869657,-0.08451988151147344,0.675144659894898,-2.3812673401219207,1.0337861679388998,1.1956391284895813,1.1037140238882035,0.0984105880934823,0.0984105880934823,1.1037140238882035,0.0984105880934823,-0.8642439898982259,-0.7442439898982259,-0.09192510460137782,-0.049395058173547675
-0.8162192266205438,0.23608370091406655,0,0,0.13201839527802228,-7.439271541672131,-1.1824505722064373,0.3319954934569346,0.24668314961074406,1.084586391463845,0.5509243808935403,0.39003387023201475,0.36004664125561664,0.23608370091406655,0.23608370091406655,0.39003387023201475,0.23608370091406655,-0.050337643993577985,0.06966235600642201,-0.029987228976398106,-0.028710018876287286
0.27027956723539276,0.9233833458807834,0,0,-6.195471307366706,2.8428269187806645,-2.377290491729981,-0.7847792471559913,0.13820512935328008,-0.19497988611978695,0.47761072975677044,1.6664758278447667,1.538351077541705,0.9233833458807834,0.9233833458807834,1.6664758278447667,0.9233833458807834,-0.4869600507363511,-0.36696005073635113,-0.12812475030306159,-0.03841038078907866
-0.23326820845256688,0.19426273683140335,1,1,2.628787799262952,20.141427340921457,0.7893665556697054,0.6084517364296791,-0.21427494255446522,-1.8463370111204804,-0.4554812488548173,0.2104423105406031,0.19426273683140335,0.3977329102448668,0.3977329102448668,0.19426273683140335,0.3977329102448668,-0.15611154011537265,-0.03611154011537265,-0.016179573709199757,-0.03080762062798053
-0.24101324378546057,0.15966693179275263,1,0,-4.983589596510074,3.0227056013887372,0.4163681481389552,-1.0904472525504776,0.6312747301215763,0.9083932972673044,0.12686697629584257,0.15966693179275263,0.14739115471528996,1.0336415194612019,1.0336415194612019,0.15966693179275263,1.0336415194612019,0.8927335199204789,1.012733519920479,-0.012275777077462663,-0.015310395503261593
-0.5124002186018363,0.22328769437931992,0,0,0.6710884623916161,-1.7734894544073518,-3.063779866312396,-1.2780883627118034,1.8861891585560817,-0.546537793028378,-1.984143223128996,1.0300737859484341,0.9508779497933679,0.22328769437931992,0.22328769437931992,1.0300737859484341,0.22328769437931992,-0.4832527134403646,-0.3632527134403646,-0.0791958361550662,-0.03831556451780954
0.9249832473220889,0.1982222544461105,1,0,-0.08718907823599809,-4.116168165048369,1.2352473883102724,0.013355591543672855,1.1049404889577255,0.2769586752193653,0.4585591362121688,0.1982222544461105,0.18298220329681558,1.673204621701047,1.673204621701047,0.1982222544461105,1.673204621701047,0.5581174523483119,0.6781174523483119,-0.015240051149294914,-0.019136728003762003
0.24988022632679388,0.19574889188458833,0,0,8.115456860663189,-10.858706345674193,0.3630092477145166,0.697488311921,2.2774304485560983,0.9710063359591881,-1.580339317845535,0.3562368259705969,0.3288480372383492,0.19574889188458833,0.19574889188458833,0.3562368259705969,0.19574889188458833,1.2444086879776544,1.3644086879776545,-0.027388788732247704,-0.012110610029183585
1.0357008818896303,0.42515067566589393,1,1,2.6036120422947926,6.718926683404387,0.4466615152789034,1.1414807681032177,1.202700806536146,-0.42660498305909955,1.1649444451881277,0.46056022876213365,0.42515067566589393,0.5003632983089009,0.5003632983089009,0.42515067566589393,0.5003632983089009,0.7628512727019976,0.8828512727019976,-0.03540955309623972,-0.01669518254003254
1.3363261454781257,0.047762326810330734,1,1,9.725875176892199,7.431682467169219,0.9277423995512052,2.57251743696973,-0.7500017362485115,-0.5074005764004252,-0.3061190484599539,0.051740310955696235,0.047762326810330734,0.11659016659594752,0.11659016659594752,0.047762326810330734,0.11659016659594752,2.743004729336307,2.863004729336307,-0.003977984145365501,-0.004459416387849314
0.4589807688666407,0.2704475105508873,1,0,3.272208793097541,-1.4783767018294949,-0.4902221500387753,-0.890020749763603,-2.762675505673743,-0.4346994737231341,0.36935805969990443,0.2704475105508873,0.2496545178290962,0.502263691473566,0.502263691473566,0.2704475105508873,0.502263691473566,0.22107680125221685,0.34107680125221684,-0.02079299272179108,-0.023958021341980173
-0.506477114885152,0.13382807377220396,1,1,5.1575969529027414,7.710930309012016,-0.4932218455059107,1.9353811835291097,0.013375812715862578,1.2910290551841355,0.26142041272996835,0.14497422160927886,0.13382807377220396,0.2969048653285276,0.2969048653285276,0.13382807377220396,0.2969048653285276,1.6009620385061711,1.7209620385061712,-0.011146147837074905,-0.009548458201731943
1.0403262322197848,0.16189011864082764,1,0,0.8119050417017291,1.138213470998133,0.826407309893258,0.27924155393356226,1.3687846319035628,0.05593935013240072,0.4961207080887857,0.16189011864082764,0.1494434148358198,0.24886263954726798,0.24886263954726798,0.16189011864082764,0.24886263954726798,0.6127641322892701,0.7327641322892701,-0.012446703805007842,-0.01845210213326922
0.4656647022783544,0.1601801739447592,1,1,1.9893981934823515,5.25796694252324,0.3663329336500437,-0.2882854581273188,0.4049823189246768,2.234386246197682,-0.270396942095442,0.173521110932283,0.1601801739447592,0.26706054881925506,0.26706054881925506,0.1601801739447592,0.26706054881925506,1.199774169199296,1.3197741691992961,-0.01334093698752381,-0.012476392718305024
2.603367776807639,0.062209965885495495,1,1,8.580406247919376,5.506188661638674,0.4194648928532483,1.2577789508694428,1.1402532809442802,0.011716417719365251,-2.3833887029573617,0.06739125152425762,0.062209965885495495,0.19665924994344128,0.19665924994344128,0.062209965885495495,0.19665924994344128,2.0418103751679606,2.1618103751679607,-0.005181285638762127,-0.007116960978942521
0.3101028884946864,0.10941207572108898,1,0,6.369899352421508,-1.487957497624054,0.5167028186484662,-2.2194742586230527,1.469937230941231,0.16947387119326057,0.999674019871989,0.10941207572108898,0.10100007559022961,4.220919395646045,4.220919395646045,0.10941207572108898,4.220919395646045,1.993720979430232,2.113720979430232,-0.008412000130859368,-0.0073488247513543836
0.6976880390140838,0.08670568301973386,1,0,4.373291702045046,-6.0260379419880215,-0.9021111381810512,-1.5525074733000543,0.2607543841411672,-0.03360343995614198,-0.4915408261571657,0.08670568301973386,0.08003943332013447,0.14743516803970022,0.14743516803970022,0.08670568301973386,0.14743516803970022,1.2013408068318807,1.3213408068318806,-0.006666249699599391,-0.012463368863141857
0.2904238912960317,0.030273754969053563,1,1,-2.019908803396427,-1.2933283377764484,0.08466128073276377,2.76743589203226,0.8345255473690577,1.049498605863319,0.8439368915533556,0.03279516724793624,0.030273754969053563,0.18293931110345316,0.18293931110345316,0.030273754969053563,0.18293931110345316,3.146563246718604,3.2665632467186043,-0.002521412278882678,-0.0034075000223214697
-0.0990985918681181,0.2992587675640055,0,0,-1.4388361874695659,6.787237880667307,1.4794621438521929,-0.1900716729007449,-2.0547613076752937,-0.1885861330060098,0.8117357099965018,0.6690882593055809,0.6176463093403618,0.2992587675640055,0.2992587675640055,0.6690882593055809,0.2992587675640055,-0.16610004540002565,-0.04610004540002566,-0.051441949965219114,-0.03101345324173981
-0.2587915495875664,0.17973072964592582,1,0,5.1092709543116746,-4.362889250752132,-0.9698003951150737,-0.17636595048933035,-0.6917697430023131,1.5020292518431304,0.7494570154065637,0.17973072964592582,0.16591237448415122,0.39906604060772205,0.39906604060772205,0.17973072964592582,0.39906604060772205,0.22313222461892956,0.34313222461892956,-0.013818355161774598,-0.02392521457312232
0.29424384465856673,0.08562296674079194,1,1,5.985326350337858,3.4909465182871746,0.651540620643959,0.6216013131209713,-0.037249252552126945,0.1975562825275035,-1.1851845805323176,0.09275425256626299,0.08562296674079194,0.18212973641107824,0.18212973641107824,0.08562296674079194,0.18212973641107824,0.7793324003103101,0.8993324003103101,-0.007131285825471054,-0.016512749652662775
0.5211757518138552,0.26645304516314133,0,0,-1.2078886735948293,-7.508544155160731,-2.1864419787505676,0.15008113034502407,0.3239902562721444,1.2092645684253776,1.5713358160823676,0.9188795527661173,0.8482327355188441,0.26645304516314133,0.26645304516314133,0.9188795527661173,0.26645304516314133,-0.24690004342541094,-0.12690004342541095,-0.07064681724727317,-0.03272985804120412
1.154387899644425,0.18277748137605562,1,0,-1.0578650485943695,7.370680655928223,1.5699984849989468,-0.9980235932938778,-0.3522650349497693,0.48033429588137955,2.5319046777421774,0.18277748137605562,0.1687248808096158,2.9754052741297428,2.9754052741297428,0.18277748137605562,2.9754052741297428,0.47030320665355296,0.590303206653553,-0.01405260056643981,-0.020290488941018755
0.3088505583037643,0.11841584360098875,1,1,-4.346476144620363,3.2012571637175973,1.480099203713916,1.1193971619983802,-0.3877879555492906,-0.8831996311551246,0.7889078833832395,0.12827835198077162,0.11841584360098875,0.29805345145451606,0.29805345145451606,0.11841584360098875,0.29805345145451606,0.25848303087446467,0.37848303087446467,-0.009862508379782864,-0.023367956456496305
-0.46288917542522895,0.366737407249006,0,0,3.159947064901589,-10.071710797406501,-1.10066126423436,-0.23843635098030264,-0.11477794900192263,1.592912089122808,-0.35469730295967755,0.5188095298254466,0.4789215576430346,0.366737407249006,0.366737407249006,0.5188095298254466,0.366737407249006,0.3827026337280423,0.5027026337280422,-0.03988797218241197,-0.02151074619168721
-0.3268539965989834,0.13407524024888123,1,1,-4.829592421341005,-1.6632728107809251,-2.4392496385726155,0.5044446476624683,-0.6990218531039264,0.042631024437746814,-0.08670470084212364,0.14524197385702614,0.13407524024888123,0.7651403011772391,0.7651403011772391,0.13407524024888123,0.7651403011772391,-0.748335663341859,-0.628335663341859,-0.011166733608144908,-0.04572193516675754
-1.3229369429031808,0.18954359811802166,0,0,1.523418556655026,5.724633865756015,-0.2737039958177683,0.7903405817847039,-1.5328648783527072,-0.5170142249543602,0.6840379131173813,0.47068642176430325,0.4344983299528627,0.18954359811802166,0.18954359811802166,0.47068642176430325,0.18954359811802166,-0.3719681935062984,-0.2519681935062984,-0.03618809181144056,-0.03557583153905394
1.6612138435723098,0.050257649641963685,1,0,5.900634192303076,-7.452958703092824,-0.6140847753443682,-1.6088067092699718,0.6685553432567358,1.123094630441539,-0.04499520764300634,0.050257649641963685,0.04639365791546913,0.8116107792606998,0.8116107792606998,0.050257649641963685,0.8116107792606998,1.9208189122158825,2.0408189122158826,-0.003863991726494556,-0.007714809403222232
-0.5411736135208487,0.10815488308948255,1,0,-4.119071785886733,-8.04749479358288,-1.9608455984695325,0.7059697466988162,-1.659887881419688,0.3087992768481657,-0.8874638247421598,0.10815488308948255,0.09983954052143688,0.6765042838813232,0.6765042838813232,0.10815488308948255,0.6765042838813232,-0.27854146153326254,-0.15854146153326254,-0.00831534256804567,-0.03342760414243979
0.9674404601379066,0.01850115330940015,1,0,9.639092712580204,1.4087882566936414,-1.1598392857669653,-0.4419100170796902,-0.18329755642725984,-0.6442082503864482,0.5887032782151507,0.01850115330940015,0.01707871704691248,0.1478966498907158,0.1478966498907158,0.01850115330940015,0.1478966498907158,0.04612308375656049,0.16612308375656049,-0.0014224362624876696,-0.026921870870517013
0.2765508574425336,0.06689645790695944,0,1,-6.97092153100123,16.292369452975468,-0.44606937845883377,0.980190871671822,0.28117316564347944,-0.697557206596308,-0.8659398838322859,0.18210853322166384,0.1681073638334116,0.06689645790695944,0.06689645790695944,0.1681073638334116,0.06689645790695944,0.5603635267928289,0.6803635267928289,-0.014001169388252244,-0.019108094436339516
0.3037318308394069,0.3011744193189841,1,1,8.781553842816534,-3.239189285741488,-1.6474962990474387,0.2907331778668224,-0.3545875472513581,-2.3721955280635143,-0.5357148727694001,0.32625835356277066,0.3011744193189841,0.5745194977113929,0.5745194977113929,0.3011744193189841,0.5745194977113929,-0.7424813561274852,-0.6224813561274852,-0.025083934243786576,-0.045543836105103146
-0.11744787527233685,0.14386539535009796,0,1,1.026081901527014,4.870899879845148,-0.901034029254952,1.5756775921706603,-1.7027786118933097,-1.4413507997340538,1.1099696431056998,0.4609954282801829,0.4255524154549448,0.14386539535009796,0.14386539535009796,0.4255524154549448,0.14386539535009796,0.1088492812941092,0.2288492812941092,-0.035443012825238096,-0.025819280905896906
-0.7877988886266734,0.2802761381043064,1,0,-12.158514287234425,0.4421988035764639,1.3567631574639631,-0.7449829387256415,-0.6320858228089109,0.6162353965533128,-2.32709979694531,0.2802761381043064,0.25872748458620354,2.096687932212955,2.096687932212955,0.2802761381043064,2.096687932212955,0.7468003388608582,0.8668003388608582,-0.021548653518102867,-0.01687479063237184
-0.9685354004919751,0.1782986509273499,1,1,7.2521633316919685,-6.007859881473012,-1.8611936845055561,-0.28073340085071186,1.549890566129126,-0.4357300881667396,0.10093679173515462,0.1931486227334899,0.1782986509273499,0.35956885178226344,0.35956885178226344,0.1782986509273499,0.35956885178226344,-0.7305368105950324,-0.6105368105950324,-0.014849971806140005,-0.04518260929452156
1.7284653888049368,0.11122832409845455,1,0,6.5189608379049675,4.031106282201697,1.133789272564012,2.106884733278146,-0.5768484731483126,-0.016836723733426057,1.8220552213428425,0.11122832409845455,0.10267668415647396,0.1888113849146338,0.1888113849146338,0.11122832409845455,0.1888113849146338,1.837188029987497,1.9571880299874969,-0.00855163994198059,-0.008157157007242014
0.11396107883724602,0.08148710078566374,0,0,-2.3713711831754183,-2.6374926383895634,-1.5221992751914284,1.0275810705538218,-1.0183155323612583,0.10247236710315673,-0.24261904740027426,0.11590168292237202,0.1069907380793624,0.08148710078566374,0.08148710078566374,0.11590168292237202,0.08148710078566374,0.22582251866622577,0.34582251866622576,-0.008910944843009624,-0.023882342455917693
1.1252677461876508,0.40403499211649324,1,0,-2.4210309149033424,-1.3951480442561563,-0.9580116007012293,-0.9831019276582751,0.2764143642537545,0.9955393281626821,-0.1297362031885032,0.40403499211649324,0.3729713057349305,0.47857541213568966,0.47857541213568966,0.40403499211649324,0.47857541213568966,1.078164583960863,1.198164583960863,-0.03106368638156276,-0.013530025582481035
1.384906937645251,0.2858101342628514,1,1,-5.810874377878027,-10.030663947014737,0.07011315873321637,0.5711740662910472,-0.9716187730129598,0.739692508412923,0.819343097059747,0.30961442225739044,0.2858101342628514,0.30960206229069154,0.30960206229069154,0.2858101342628514,0.30960206229069154,0.8042951475478017,0.9242951475478017,-0.023804287994539042,-0.016240221231224736
-0.4108469300992142,0.1883446388248261,0,0,10.48153779318236,-1.1494785195660764,2.60362629875041,-0.3761041905595823,-0.4580818016681276,0.7689658715737455,0.8191041689121383,0.671363823800146,0.619746920122552,0.1883446388248261,0.1883446388248261,0.671363823800146,0.1883446388248261,-0.2049977939188659,-0.08499779391886592,-0.051616903677594084,-0.03182820728738705
0.4235057659278442,0.25806217120374203,1,0,-3.2999889889843175,7.40670910466137,-0.535087153376712,-0.40316267693004887,0.5411308382180404,-0.8275842407346614,-0.4105339880150149,0.25806217120374203,0.23822140862220084,1.5619606975795555,1.5619606975795555,0.25806217120374203,1.5619606975795555,0.2117754400285901,0.3317754400285901,-0.019840762581541188,-0.024107044377301084
0.045010775491347736,0.44172418668833247,0,0,-6.901160956361209,1.386529688199788,0.08959276736843465,0.9959386848222581,-0.6045986161795408,-1.842384462030672,-1.916597467518211,0.576495777063254,0.5321726754299555,0.44172418668833247,0.44172418668833247,0.576495777063254,0.44172418668833247,0.3756539144990363,0.4956539144990363,-0.044323101633298445,-0.02161206620422308
-1.1572138030168888,0.4534192671106154,1,0,0.3388306494358778,6.886805294314928,-1.2594130667061334,-1.3131677181999373,-0.15461075861990903,-1.188880153597605,-0.7027549598212041,0.4534192671106154,0.41855873723645737,0.8926757778267999,0.8926757778267999,0.4534192671106154,0.8926757778267999,-0.122718621571347,-0.002718621571347002,-0.03486052987415805,-0.03012936075434926
-0.18547997590425605,0.016644405776055148,1,1,-7.459943118618955,3.284191602071381,-0.7740858849820498,-0.4405078608479934,1.3225043315231224,0.6619475894305167,0.016129415276003874,0.018030669526334926,0.016644405776055148,0.4249903471059073,0.4249903471059073,0.016644405776055148,0.4249903471059073,0.36964188354694416,0.48964188354694416,-0.001386263750279778,-0.021698861634274254
0.5875065902392275,0.08849649588671843,1,0,-3.8360193497566284,0.06381063770569984,-0.4610262805808381,-0.4332326566230212,0.3277464699519495,0.5841690733522902,-0.9076175061006004,0.08849649588671843,0.08169256195096744,1.7968054353313716,1.7968054353313716,0.08849649588671843,1.7968054353313716,0.794807018050901,0.914807018050901,-0.006803933935750989,-0.016343273025280904
-0.4990292550108579,0.04747526200547725,1,1,4.694699640688823,-5.815325083985985,0.03648075561423148,-2.031619568663027,0.21171378417059702,0.762149241958686,-0.2800686268808754,0.05142933736501383,0.04747526200547725,0.6892760953465099,0.6892760953465099,0.04747526200547725,0.6892760953465099,1.781011087118287,1.9010110871182868,-0.003954075359536582,-0.008468445803385932
-0.32484319537186124,0.48366094504610013,1,1,1.7332282401642893,-4.317556655333869,1.8165269961401054,-0.8812384474360504,0.21744041530326128,-0.035824746665955476,-0.10029766744340833,0.5239436469078891,0.48366094504610013,0.8798476015317757,0.8798476015317757,0.48366094504610013,0.8798476015317757,0.28908308497593294,0.40908308497593293,-0.04028270186178895,-0.02289607882694831
-0.1733668553856451,0.24117830376915628,1,1,-2.1400563039814164,-11.94508564206664,-0.11432216800474763,0.10710503000947168,0.8479587434636998,1.3777362362747443,-0.0022502445041573905,0.2612653374769097,0.24117830376915628,0.29170216382720815,0.29170216382720815,0.24117830376915628,0.29170216382720815,0.6479177842592593,0.7679177842592593,-0.020087033707753443,-0.018024690866831297
2.1115293313101033,0.08950719775845443,0,1,4.117530256515993,1.207585461662494,0.8153160721716332,-0.7017669462667825,0.765955452726233,-0.7619915238269903,1.0906599360881322,0.13885237526174135,0.12817689733872475,0.08950719775845443,0.08950719775845443,0.12817689733872475,0.08950719775845443,0.632043578273218,0.752043578273218,-0.010675477923016596,-0.01821645555157096
-1.8340489371044395,0.8001516358731715,0,0,-5.4171712258556735,-0.7739665138614742,2.2106408773932396,-0.12208388797139179,-2.1925434908074086,-0.548072933244823,1.2318751342893033,1.9211338386312384,1.7734300500370013,0.8001516358731715,0.8001516358731715,1.9211338386312384,0.8001516358731715,-1.0099283633502514,-0.8899283633502514,-0.14770378859423716,-0.054433147527834916
0.501643299027259,0.2649919700823511,1,0,0.8428737687107458,12.803359812134259,0.5530767870252449,0.24891359867502955,1.008668355954839,0.484453439248422,1.2177251874511363,0.2649919700823511,0.24461841924421668,0.4117059293350221,0.4117059293350221,0.2649919700823511,0.4117059293350221,0.43704240157118,0.55704240157118,-0.020373550838134413,-0.020745432899822783
-0.25333907725216487,0.029259237367772643,1,0,-5.059566349886346,2.917963202393941,0.9194236766469855,1.5217004527369589,0.35879608390625434,0.9052594014939547,-0.3071270730857854,0.029259237367772643,0.027009680296997608,0.2742213292769217,0.2742213292769217,0.029259237367772643,0.2742213292769217,1.3204048112295994,1.4404048112295995,-0.0022495570707750344,-0.01151232094230494
-0.6406549085024337,0.3177817785720598,1,1,-4.38298039550706,-7.639721521411641,-0.6014608115590059,1.7067676404189733,0.21620467632268803,0.804880565862379,0.12374001441139017,0.3442488910698596,0.3177817785720598,0.6438984964212333,0.6438984964212333,0.3177817785720598,0.6438984964212333,1.140199652056907,1.2601996520569072,-0.026467112497799816,-0.012981881063386939
-0.27787570715626536,0.056368809655201656,1,0,-3.48093259177304,-11.800739018823153,-0.5865156509199643,0.010982892582401323,1.4359940177677142,0.555240074279424,-1.711473159730459,0.056368809655201656,0.052034969619073466,0.1455189059207142,0.1455189059207142,0.056368809655201656,0.1455189059207142,0.6209108433491761,0.7409108433491761,-0.004333840036128189,-0.018352157821733918
0.667376243833423,0.06766493302121972,0,0,-2.256661618076193,0.46781482609695524,-0.2152444565761547,1.782293792704712,-0.21379686184995605,-1.8004786917341806,1.8930488854225436,0.37204356095665725,0.3434394926869831,0.06766493302121972,0.06766493302121972,0.37204356095665725,0.06766493302121972,0.6016751603158051,0.7216751603158051,-0.028604068269674154,-0.018589017488838663
0.7245235940205608,0.10271520183868076,0,1,5.44195369925373,6.646569463146726,0.6823925098127926,-0.0700128588128004,-0.37141773608206863,1.0823519297917354,-0.5419834002261925,0.30729267021057294,0.2836668869961775,0.10271520183868076,0.10271520183868076,0.2836668869961775,0.10271520183868076,0.9055859123018846,1.0255859123018847,-0.023625783214395457,-0.015179772435030176
0.18601712243475307,0.04032871518536069,0,1,3.4381099630084297,-1.6006487868388453,1.1482564245159883,0.542195285724256,0.24468192548734993,0.14551480533559535,-0.17496803671417813,0.4013536117607211,0.3704960796976371,0.04032871518536069,0.04032871518536069,0.3704960796976371,0.04032871518536069,0.485058908228991,0.605058908228991,-0.030857532063084003,-0.020091867210626328
1.092741316456627,0.040520586575370846,1,0,-3.037326205742231,5.8923188232964385,1.0456401202092658,-0.8653428321018342,-1.6219251268302093,0.6144401228924746,0.6312383280671477,0.040520586575370846,0.0374052158328997,0.38670733823080616,0.38670733823080616,0.040520586575370846,0.38670733823080616,0.79251371801125,0.91251371801125,-0.0031153707424711463,-0.016368278821459147
1.2688329951005763,0.1351261823008477,1,0,-4.338655642997287,0.32368621056510705,0.4802411525117667,0.4077283696180388,-0.32054037833754784,0.7874827043855253,-0.04555812675454088,0.1351261823008477,0.12473718770673299,0.15448445244506107,0.15448445244506107,0.1351261823008477,0.15448445244506107,0.9439007079274253,1.0639007079274254,-0.0103889945941147,-0.01479694267869776
0.8163759419506144,0.16335598650878877,1,1,1.8074249418372026,6.531664118340393,-0.4871135608151781,-0.3118913122553999,2.020639698775832,-1.7349760820454327,0.49978810429579884,0.1769614276122559,0.16335598650878877,1.3345136155591788,1.3345136155591788,0.16335598650878877,1.3345136155591788,-0.02626151533593163,0.09373848466406837,-0.01360544110346712,-0.028252879996517048
-0.5461924511472189,0.030222895579157034,0,1,10.294124757373579,-11.3543051492137,-1.6791104276237172,-0.10823333832297323,-0.4336274851541877,-2.085028296679878,0.389037590433763,0.8801271854736529,0.8124597918099916,0.030222895579157034,0.030222895579157034,0.8124597918099916,0.030222895579157034,-1.1789019450472809,-1.058901945047281,-0.06766739366366126,-0.060923705528410185
0.4944415492128766,0.02492894349670309,1,1,-2.674198493555511,11.701339478443213,-0.3800380621921959,-2.099206342561244,0.8395680907742521,1.435006177988935,1.490124342296572,0.02700520210077822,0.02492894349670309,0.7616037767180825,0.7616037767180825,0.02492894349670309,0.7616037767180825,2.0446074263671807,2.164607426367181,-0.002076258604075131,-0.007103702341652802
0.4992006591385695,0.15481628685268722,1,0,0.334865756499526,-8.593281610546693,0.35895644065147114,0.04605813857711549,1.328156620895797,1.6823835853400984,1.133568702875625,0.15481628685268722,0.14291344508059797,0.8134853743343284,0.8134853743343284,0.15481628685268722,0.8134853743343284,0.8102279623030062,0.9302279623030062,-0.011902841772089251,-0.016176114609601347
-0.8156314336465517,0.22102244912475394,0,0,-0.04176410209684561,5.317086997890428,-0.9415376022298011,0.2013448532149219,0.4395161442914286,-1.8096169689172292,0.4693606596207741,0.44412852472651737,0.4099823010716293,0.22102244912475394,0.22102244912475394,0.44412852472651737,0.22102244912475394,-0.8281626662161595,-0.7081626662161595,-0.034146223654888064,-0.04822107501304239
-1.569438894054258,0.17755609616088833,1,1,-3.301186258326057,-5.182990133890997,2.272991825979389,0.6399361658007914,1.4734130814417563,0.18291473012870507,-0.07321832398382148,0.19234422275794172,0.17755609616088833,0.5403521267939158,0.5403521267939158,0.17755609616088833,0.5403521267939158,-0.1584313684892134,-0.03843136848921341,-0.014788126597053391,-0.030855303085157777
-2.0227756213745556,0.10197927782136343,0,1,-4.996745609987876,-4.029075293206598,0.3812713900809755,-0.8158266479844326,-0.9637751872343886,1.2663045571693656,1.3723423428665182,0.16239524821524312,0.14990970820300606,0.10197927782136343,0.10197927782136343,0.14990970820300606,0.10197927782136343,-0.007913471457642762,0.11208652854235723,-0.012485540012237062,-0.02790939498404879
0.06985549011215164,0.12347785918372137,0,0,5.487176981543477,-1.6416467720696049,-0.9911063155873504,0.9679988045538644,-0.08695997560602091,0.33980857449043056,0.4602186394350634,0.16416491162551128,0.15154331342462693,0.12347785918372137,0.12347785918372137,0.16416491162551128,0.12347785918372137,0.3759752504557227,0.4959752504557227,-0.012621598200884349,-0.021607436877450724
0.29803971486691816,0.13036627983500731,0,1,2.917781579499435,1.6152563662031285,0.9943504681243184,0.08271820186318887,1.410161995301936,0.30941283975992473,0.6241842724695326,0.5033512623812544,0.4646517782784845,0.13036627983500731,0.13036627983500731,0.4646517782784845,0.13036627983500731,0.41109948159829757,0.5310994815982976,-0.03869948410276991,-0.021107351692005664
-1.1817815776524143,0.03043511168089732,1,1,0.9567936507097015,1.1469107034613373,-0.8332625915372465,2.158659010704834,0.4698249232049664,0.7129974253450992,-1.6081858112115415,0.03296996288715913,0.03043511168089732,0.16724263835225991,0.16724263835225991,0.03043511168089732,0.16724263835225991,1.799112432535214,1.919112432535214,-0.002534851206261811,-0.008366866435421295
1.0460323325513625,0.27203315165254555,0,1,4.831977420080012,10.193585300474595,-0.822702023079101,1.2378836879187305,0.2868911182926047,-1.913779734828926,1.038289928983819,0.4287024566253821,0.39574224544699793,0.27203315165254555,0.27203315165254555,0.39574224544699793,0.27203315165254555,0.19142072632186258,0.3114207263218626,-0.03296021117838416,-0.02443640197427332
0.15221814929641217,0.006067833913350302,1,0,4.343530290131678,10.664738660159468,-0.5437828043527234,1.411316985876712,-0.08783567860369966,0.20470668602052994,1.1789545785916484,0.006067833913350302,0.005601316672572854,0.12969098805795445,0.12969098805795445,0.006067833913350302,0.12969098805795445,0.7133821162055108,0.8333821162055108,-0.0004665172407774488,-0.01725496011105295
1.3494526149153527,0.14869332489994969,1,1,9.545697197160125,4.184518935642613,-0.8974929708546623,-0.9928468078339396,-0.19649842039810733,0.8271727996212221,-1.3308772526134907,0.16107755591370643,0.14869332489994969,0.7189333510313215,0.7189333510313215,0.14869332489994969,0.7189333510313215,1.3164305350757752,1.4364305350757753,-0.012384231013756741,-0.011542863480996209
0.370535869983591,0.49922621634518455,1,1,6.184368787472847,13.607406580256896,-1.6680345998890966,0.8237209270437923,-0.6029783125670037,-0.3922260129202831,-1.8568104019401659,0.5408053040110395,0.49922621634518455,0.5541120541422757,0.5541120541422757,0.49922621634518455,0.5541120541422757,0.29915883394696346,0.41915883394696346,-0.041579087665855,-0.022742797449728732
-1.0663335718791513,0.03688551768710376,0,1,10.634785675285599,-0.7877746480116063,-0.6789793143519821,-0.007567296631150636,0.9303778576228922,-0.7712301662346388,1.6573761202324966,0.7091705367239826,0.6546469148256924,0.03688551768710376,0.03688551768710376,0.6546469148256924,0.03688551768710376,-0.7176739356736043,-0.5976739356736043,-0.05452362189829019,-0.04479681363774613
0.45828121329014887,0.0868804331894354,0,1,7.162147628352168,7.967412619366582,-0.6845560241798007,-0.6830918015851747,1.5373575518978022,0.21146015236391716,-0.5520247290115766,0.17093018503895707,0.15778844790035365,0.0868804331894354,0.0868804331894354,0.15778844790035365,0.0868804331894354,0.6882148634250632,0.8082148634250632,-0.013141737138603421,-0.017546909075295096
0.6701106948721014,0.029200928610459777,0,1,-2.1776423425832556,3.987095981961815,-0.15513313118059344,1.3530735775420593,1.4662028196256818,-0.816793179270256,-0.042433810079108215,0.20837335455698572,0.1923528497429717,0.029200928610459777,0.029200928610459777,0.1923528497429717,0.029200928610459777,0.9140952738180248,1.034095273818025,-0.016020504814014014,-0.015093902783033087
-0.5476235858870058,0.1149556764128841,1,0,4.005677344116254,-4.803421737683539,0.09015682766757308,-0.9862401105165975,-0.05568505264999431,0.005322860451700487,1.1402094789367356,0.1149556764128841,0.10611746400666595,2.484713714021116,2.484713714021116,0.1149556764128841,2.484713714021116,0.1986335043859347,0.3186335043859347,-0.00883821240621814,-0.024319181133356876
-1.442092997309875,0.18952019217949026,1,0,0.704874310112483,-1.1781578118473701,1.207425028311201,-0.32920939835900803,-0.21395314386081168,0.6642923020556356,-0.5851884489270115,0.18952019217949026,0.1749491873712241,0.967339427057642,0.967339427057642,0.18952019217949026,0.967339427057642,0.15922597976818187,0.27922597976818186,-0.014571004808266147,-0.024966553499292856
0.10029606430660626,0.10278970378391594,0,1,9.614508957578773,4.630793689968924,0.5886401517374027,-0.08790648736921473,-0.9693985777386207,-0.9568367128796466,1.447058696031102,0.6530526204551015,0.6028435489927317,0.10278970378391594,0.10278970378391594,0.6028435489927317,0.10278970378391594,-0.3006866221355061,-0.18068662213550613,-0.05020907146236975,-0.03392477150416927
-1.0008446353161848,0.20133947201851238,1,1,-6.172449810609766,-1.4929366395397166,-0.1564214791432986,1.640354093898311,-0.5136362607149101,0.2912052011314934,2.3926767230182415,0.2181084462501586,0.20133947201851238,1.1486732704448748,1.1486732704448748,0.20133947201851238,1.1486732704448748,0.4289459766039905,0.5489459766039905,-0.016768974231646222,-0.020857711539677803
1.1208876630611317,0.05491151932100911,1,1,5.932286755533824,4.643987817312053,-1.0573867446632792,-1.8978144998997766,1.2865901312872332,-0.8268091053930736,-0.020706364106233777,0.05948493874683278,0.05491151932100911,0.7845214125086201,0.7845214125086201,0.05491151932100911,0.7845214125086201,1.4266978898183587,1.5466978898183585,-0.00457341942582367,-0.010724767601691988
-0.40717668042659255,0.09753857028496797,1,1,-3.929135343302482,6.262280597854975,-0.5859182104515849,0.2681627809553161,-0.9505362071857422,-0.1799400878833061,0.4498153265565342,0.10566227178921081,0.09753857028496797,0.5326088646634174,0.5326088646634174,0.09753857028496797,0.5326088646634174,-0.1647073629677311,-0.04470736296773112,-0.008123701504242839,-0.030984672010516072
1.7246011064932987,0.07439361985030281,0,0,5.59048178656261,3.197215145334477,-1.008308886274262,-0.7000840296458889,-0.3473828335985318,-1.4288154342262782,-0.4225609827987464,0.2976475742095848,0.27476334121519697,0.07439361985030281,0.07439361985030281,0.2976475742095848,0.07439361985030281,0.369696302612859,0.489696302612859,-0.022884232994387854,-0.021698074427366338
-2.1241586675188358,0.08379838016166065,1,0,-4.364494830585074,-24.76863605332409,0.11879653990290184,-0.39954894158842846,-0.27137649293172456,-0.019901670906585355,-0.655743462432314,0.08379838016166065,0.07735565452795053,0.6389825331821312,0.6389825331821312,0.08379838016166065,0.6389825331821312,-0.1995659612245457,-0.0795659612245457,-0.006442725633710122,-0.03171315872332913
0.134795604145148,0.3445266136226502,0,0,1.39732120824463,12.456953235685972,0.6910625658668772,1.4359781248017758,-0.46438039219544847,0.4851982314777071,-0.23961715543464693,0.40600411818697746,0.37478903819869047,0.3445266136226502,0.3445266136226502,0.40600411818697746,0.3445266136226502,1.179147117427041,1.299147117427041,-0.031215079988286987,-0.012649145253536862
1.4293926401013202,0.10501257766671897,1,1,-4.708563875076543,0.5249306041187847,0.3654873450385047,1.5657795312032543,0.5086595430180988,-1.7734145388096807,0.4539956314469589,0.11375876732956883,0.10501257766671897,0.21551504563992402,0.21551504563992402,0.10501257766671897,0.21551504563992402,0.9458523496410411,1.065852349641041,-0.00874618966284986,-0.014777702977369285
-0.8903043158872967,0.14552132231372894,1,0,2.1712376619723557,-7.669680284568229,1.2328637433090093,-0.2215961699981027,0.9956348061178324,-0.690115541151946,-1.4855391595222738,0.14552132231372894,0.1343331113756015,1.4272894624027443,1.4272894624027443,0.14552132231372894,1.4272894624027443,0.11396407908265771,0.2339640790826577,-0.01118821093812744,-0.025731390570900684
-0.15920093562703552,0.09607178945872781,1,0,0.5052962988413118,-9.096813278980806,0.14116901883264016,-1.7564767207463141,-0.23977101289359176,1.286842262645503,-1.9097629057462808,0.09607178945872781,0.08868543927596692,0.24041520105535152,0.24041520105535152,0.09607178945872781,0.24041520105535152,1.9832894206466114,2.1032894206466115,-0.00738635018276089,-0.007400109335638322
-0.40303571436404395,0.5601080129461813,0,1,1.3955942620492938,-2.7248243798258422,-1.2794967959138979,-1.0320322451615775,-0.06331985971095996,-0.36571678564620924,1.3991363816960873,1.2811790999387316,1.1826773698023603,0.5601080129461813,0.5601080129461813,1.1826773698023603,0.5601080129461813,-0.2393262482635365,-0.1193262482635365,-0.09850173013637131,-0.032565015060088305
-0.6837676421522828,0.14450105056307794,1,1,7.514472163302528,-5.506652144583301,0.9543483290916974,0.49527294606859795,0.14563031434388482,0.3932297769848273,-0.861982355313375,0.1565361193404276,0.14450105056307794,0.2792731877311495,0.2792731877311495,0.14450105056307794,0.2792731877311495,0.4274230712969529,0.5474230712969529,-0.012035068777349667,-0.02087889850617011
0.2446226411142813,0.18209553128013006,1,1,-1.077963871982745,-5.943086808037043,0.8572103535566122,-1.112044254359201,0.8353769939022309,1.186142502118831,0.2108646020880872,0.19726173411716577,0.18209553128013006,0.7184492706891564,0.7184492706891564,0.18209553128013006,0.7184492706891564,1.1292688461900982,1.2492688461900983,-0.015166202837035708,-0.01307682820727885
-1.2954216009991038,0.4670253772913925,0,0,-1.36999634019239,-6.000053411973823,-0.17621305896197587,0.4003099083096733,-2.861518370100673,0.30225821848546125,-0.11335399783980703,0.6910133671221208,0.6378857347620991,0.4670253772913925,0.4670253772913925,0.6910133671221208,0.4670253772913925,-0.18605783795956243,-0.06605783795956244,-0.053127632360021715,-0.031428850629537285
-0.11096878133022564,0.5813073947727591,1,0,0.16115733415300582,4.239425032259715,-0.05062811305699102,0.7065325128978275,-0.07476892156472781,-1.140206856651158,-0.14140267082537805,0.5813073947727591,0.5366143583901631,1.0670649729476744,1.0670649729476744,0.5813073947727591,1.0670649729476744,0.05490436979004193,0.17490436979004192,-0.04469303638259592,-0.02676472553292368
0.5159942376845734,0.031580751051818186,0,1,1.1284689732447135,15.140579586344275,0.06755548408082447,0.11493391158101274,0.16191936728506806,1.0393690449185533,-1.0860345530341475,0.08690855468714305,0.08022670747253863,0.031580751051818186,0.031580751051818186,0.08022670747253863,0.031580751051818186,0.9522212175633242,1.0722212175633241,-0.006681847214604422,-0.014715091167908406
-0.2150937113866431,0.22624967575629018,0,1,8.935009865974406,6.254405162473436,0.17570045616484992,1.289929698618241,-1.7346114969371953,0.17964668078005355,-0.5853785019730434,0.3266729450580114,0.3015571355053137,0.22624967575629018,0.22624967575629018,0.3015571355053137,0.22624967575629018,0.8193118003869467,0.9393118003869467,-0.02511580955269771,-0.016078449827807116
-1.0002041999857756,0.17454788294601753,1,0,-1.5516462306900771,5.996289906854608,-0.37071038447310495,-0.904807503214422,-0.16955071570044408,1.8412556144269043,-1.2644303611772136,0.17454788294601753,0.16112800397464988,0.4594017219030807,0.4594017219030807,0.17454788294601753,0.4594017219030807,0.9229588799920062,1.0429588799920062,-0.01341987897136765,-0.015004974842607684
1.0301853986015017,0.020216622318526833,1,1,0.2516199016230689,-1.595422973388061,-1.1696100024788274,-1.3019345701635046,1.727418286628101,-0.46233970552128695,-0.025639060347674214,0.021900405509729052,0.020216622318526833,0.8063678659367769,0.8063678659367769,0.020216622318526833,0.8063678659367769,0.8528088784488268,0.9728088784488268,-0.0016837831912022184,-0.015723375178803185
0.73025696161685,0.015681680106780928,0,0,10.468847727716476,1.0252724025657955,-0.4027829411062397,-0.9444228784030915,-0.2351506466144354,2.45824360573656,1.392070920974255,0.07660941565493877,0.07071940387820223,0.015681680106780928,0.015681680106780928,0.07660941565493877,0.015681680106780928,1.1917348868207827,1.3117348868207825,-0.005890011776736537,-0.012543439723836066
-1.0411871713037413,0.19041623328175017,0,0,-2.6701844007142626,2.768655564397487,-0.8529378177922723,0.6475741030616857,-0.8315227726663764,-1.7763676388462208,1.0195109176646295,0.5241737935104719,0.4838733971370097,0.19041623328175017,0.19041623328175017,0.5241737935104719,0.19041623328175017,-0.9114549494595947,-0.7914549494595947,-0.040300396373462166,-0.05097444125576575
-1.2941075650225413,0.2698823572207636,1,1,-10.163247751577185,-6.592489816303057,1.1600928466435507,1.0460522510478993,-0.46986524921957273,-0.16677573400198623,0.7497655536581233,0.2923600673708867,0.2698823572207636,1.2402726387066803,1.2402726387066803,0.2698823572207636,1.2402726387066803,0.021016297732047773,0.14101629773204777,-0.02247771015012312,-0.0273762775935119
-0.9519244159938243,0.4194234734578508,0,0,-4.997456064750745,-3.9862371852112646,0.3914960373481072,-0.3936374712970443,-1.6190718201181646,0.11387519414201226,1.0790096392361133,0.6846158439484249,0.6319800765440732,0.4194234734578508,0.4194234734578508,0.6846158439484249,0.4194234734578508,-0.2251026824587525,-0.10510268245875251,-0.05263576740435172,-0.03225768073649214
0.5452731654872153,0.27252191393846,1,0,-4.8797858763959585,6.833681739738955,-1.1975882890341571,0.638759381675977,0.33154169513369264,0.7501482632323336,0.8719754997190072,0.27252191393846,0.25156943350516436,0.31496172369462844,0.31496172369462844,0.27252191393846,0.31496172369462844,0.3605508483803435,0.4805508483803435,-0.020952480433295617,-0.02183077103763673
0.27557289896254566,0.19187891840975685,0,1,-7.819997516608728,8.261113816678721,-0.694465241925353,-1.616959400164946,-0.5335195256828793,0.8891273175270074,-0.542003903525971,0.2395797730000064,0.22116000471990546,0.19187891840975685,0.19187891840975685,0.22116000471990546,0.19187891840975685,1.4272747540162185,1.5472747540162186,-0.018419768280100945,-0.010720643905040647
0.7900827124457142,0.008056127897174099,0,0,1.0216191471581728,0.7581346180851937,-0.6940433238576419,-1.8213503419246384,1.752647554550939,0.8257136414253099,0.7698959812747644,0.23474579659876324,0.21669768208587067,0.008056127897174099,0.008056127897174099,0.23474579659876324,0.008056127897174099,1.7084767591727572,1.8284767591727573,-0.018048114512892566,-0.008888010344149062
-0.3261502180506149,0.1678431464192223,0,0,-1.4826593985456071,-9.217403982614538,0.9677253867794737,0.5767083615434017,-0.24432885517952907,-0.16376410412220166,-0.4275643645921248,0.5603565961999475,0.5172743337577468,0.1678431464192223,0.1678431464192223,0.5603565961999475,0.1678431464192223,0.2896565151602655,0.4096565151602655,-0.0430822624422007,-0.022887327631319992
-0.9247342375001071,0.09936662698574468,0,0,2.831569700700609,-3.870962848925182,2.634740754415,0.5559120312994426,-0.46380044135143456,0.4654967741662798,-1.0108689178563175,0.25930886050085356,0.23937224789122974,0.09936662698574468,0.09936662698574468,0.25930886050085356,0.09936662698574468,-0.0432456057595067,0.0767543942404933,-0.019936612609623816,-0.028574597565214663
0.918846488414499,0.31313634471457813,1,0,4.4023480603842895,-9.976552387752792,1.504506718589227,-0.6610690958071401,0.5010854326224657,1.0659776297431345,0.3847685442049928,0.31313634471457813,0.2890612784537875,0.46037902494551747,0.46037902494551747,0.31313634471457813,0.46037902494551747,0.8632780046797492,0.9832780046797492,-0.024075066260790645,-0.015614017250362608
-0.553448513451164,0.5705043342374218,1,1,1.8664482304978982,-0.04949799078773187,0.09446999181963821,0.010802084856015158,-0.056441096887107134,-0.5766984889275022,-0.44948342976970423,0.618019967331911,0.5705043342374218,0.5896371473387313,0.5896371473387313,0.5705043342374218,0.5896371473387313,-0.009945085671832138,0.11005491432816786,-0.04751563309448925,-0.02794722134349544
0.18654805585397857,0.12204911814787375,1,0,-4.020000432910089,2.585187099791781,1.479590373650935,-0.10853663268515668,-0.7857962693827731,-0.5162975968615086,1.100370680697223,0.12204911814787375,0.11266553602437607,0.3337661370068948,0.3337661370068948,0.12204911814787375,0.3337661370068948,-0.16739394457043133,-0.047393944570431334,-0.009383582123497686,-0.03104021697088325
-1.5499248391153742,0.1997384125654255,0,0,1.0932453433793663,-4.545316972926848,0.6756066331644784,0.5603291782322569,-0.25752119890979147,0.5733624701729451,-0.643561124950648,0.5698193730533148,0.5260095777532993,0.1997384125654255,0.1997384125654255,0.5698193730533148,0.1997384125654255,0.21288115431313295,0.3328811543131329,-0.0438097953000155,-0.024089280589779254
-0.5698104243227993,0.16671369211724402,1,0,5.562082672604103,1.0000915259604573,-0.25961403134577454,0.9698044873917454,0.8742776789190644,-0.9819098459508032,-0.8555264529085758,0.16671369211724402,0.15389613435989677,0.6549904075026959,0.6549904075026959,0.16671369211724402,0.6549904075026959,0.25911331991078995,0.37911331991078995,-0.012817557757347248,-0.023358139474648883
1.0093963209415133,0.0977245305837246,0,0,1.5371534675959013,5.12130140506141,0.10870215281340967,1.7261323746695099,-1.9155651644689942,0.27833293957050426,-1.3760433315731482,0.10955375496576393,0.10113086201693279,0.0977245305837246,0.0977245305837246,0.10955375496576393,0.0977245305837246,1.8086634048108603,1.9286634048108602,-0.00842289294883114,-0.008313761210777175
-0.7162745666698576,0.3160051578060922,1,0,1.225883509875202,1.2450427716172319,-0.6343309935255456,-0.3644284180642414,-0.4205083434368909,-0.5337959396592085,0.007207060376370152,0.3160051578060922,0.2917095267132921,1.3178602576245833,1.3178602576245833,0.3160051578060922,1.3178602576245833,-0.25100035623398786,-0.13100035623398787,-0.024295631092800085,-0.03281944887299493
0.8145038214514995,0.38466542530065295,1,1,-3.6778723149521104,-8.1437911361845,-0.5352555666305784,-1.4624573848541527,0.7798696125227764,0.7528721671488805,0.843174310022669,0.4167030806098851,0.38466542530065295,1.2392459247638294,1.2392459247638294,0.38466542530065295,1.2392459247638294,1.2622371100370748,1.382237110037075,-0.03203765530923214,-0.011967520025342996
-2.3310196961881937,0.1718764100510966,0,1,2.147517955376412,-5.031229968518376,-1.5407344962640819,0.29891815258415083,0.6759788558069234,-1.031202068439585,0.009173248182129144,4.330930654396839,3.9979528821406913,0.1718764100510966,0.1718764100510966,3.9979528821406913,0.1718764100510966,-1.1881575162523474,-1.0681575162523473,-0.332977772256148,-0.06130079017298634
-0.559391659643186,0.10908254418400944,1,0,8.612243946129515,2.330310214102612,-0.11626664531036575,1.8421506585682637,1.924496037012573,-1.6643563933302008,2.4939270057279894,0.10908254418400944,0.10069587964170154,1.4004462834587377,1.4004462834587377,0.10908254418400944,1.4004462834587377,0.3486208640946251,0.4686208640946251,-0.008386664542307895,-0.022005090498510294
-0.17135464587813257,0.14404746970818683,0,0,1.704110796147949,11.529541759593677,-0.9152257211533239,0.9806732943274258,0.9704979808637308,-0.9956902268418067,0.493267793839099,0.332408683726753,0.3068518896290309,0.14404746970818683,0.14404746970818683,0.332408683726753,0.14404746970818683,-0.018721129743301257,0.10127887025669874,-0.025556794097722046,-0.028111211300860355
1.7425403033424056,0.2732791242034456,0,1,-0.5723193600495557,0.05536101837316765,-0.10753374426606396,0.5543300046323907,0.2306723023806257,1.196339485370247,0.07539954314606226,0.3371081714465312,0.31119006356280143,0.2732791242034456,0.2732791242034456,0.31119006356280143,0.2732791242034456,1.2276584143564269,1.347658414356427,-0.02591810788372978,-0.012246605289733576
-1.1690628800144518,0.21678061826794218,0,1,-3.1656276374084196,1.7734318380803575,-0.16787406942631122,1.0960642330571804,0.5803959648586033,0.7318133943208879,-0.6645866722585968,0.2725826215716667,0.2516254737137279,0.21678061826794218,0.21678061826794218,0.2516254737137279,0.21678061826794218,0.6417233547516521,0.7617233547516521,-0.020957147857938785,-0.01809927989096073
0.6709932954470896,0.07373433689635288,0,0,-0.5060529735696293,7.504937111382176,-1.045262781398474,-0.5677221432527015,-0.6208213856805886,0.7861992686529143,0.9759840502940518,0.24303715560326752,0.2243515711166886,0.07373433689635288,0.07373433689635288,0.24303715560326752,0.07373433689635288,0.3624748816727029,0.4824748816727029,-0.01868558448657892,-0.021802786902093526
1.0569317812487937,0.08339648390743605,0,1,-0.6555363968627375,-0.4752037436990414,-0.15513028953240038,1.4309190188243524,1.3684693937651298,0.24339891640053923,-0.82189177154304,0.2236545448618063,0.20645916630559663,0.08339648390743605,0.08339648390743605,0.20645916630559663,0.08339648390743605,1.5646057446703352,1.684605744670335,-0.017195378556209673,-0.00978271669197144
-0.7214896472442744,0.16412447868148458,0,1,1.471074888102366,7.256812528329935,1.5753766494355401,-0.06101735102840823,0.1261651964309746,-0.33960502560656863,-0.8897903262971976,0.28080650281541675,0.25921707292057605,0.16412447868148458,0.16412447868148458,0.25921707292057605,0.16412447868148458,0.027373480411538892,0.1473734804115389,-0.021589429894840695,-0.02726049910996895
-0.3735239487726898,0.16087375184389735,1,0,-0.35055225862546147,7.382061681506163,-1.4686394303152919,0.6328683235572881,-0.7834010538966204,3.0595312289968235,-1.086073582612479,0.16087375184389735,0.14850519003164886,0.3196960341465611,0.3196960341465611,0.16087375184389735,0.3196960341465611,0.9156551866465601,1.0356551866465602,-0.01236856181224849,-0.015078214160352292
0.1416287738119035,0.22403662267373664,1,1,5.692813941423655,9.919499795823462,-1.25738247498137,0.5101387156134412,1.5293134789672953,0.06458965694322165,0.5722424201872743,0.2426959760280333,0.22403662267373664,0.5813629238478678,0.5813629238478678,0.22403662267373664,0.5813629238478678,0.06848419536365283,0.18848419536365282,-0.018659353354296665,-0.026523512189292504
-1.4814849671925294,0.3234664898042767,1,1,0.34992090013457133,2.501321288234191,-1.8435474174587096,-0.6775115456917667,-1.073615729137567,-1.895045849947881,0.11698023402388695,0.35040706523118675,0.3234664898042767,0.3343572380886701,0.3343572380886701,0.3234664898042767,0.3343572380886701,-1.3602013977983158,-1.240201397798316,-0.02694057542691003,-0.06875081934014615
-0.45510321186135666,0.2768236104306438,0,1,-3.5796050453816295,17.416623990268004,-2.2428276216104335,-1.3221959660874487,-0.537193794013418,-0.8312858359510763,0.3964085022070677,0.5173673215745808,0.47759023163176667,0.2768236104306438,0.2768236104306438,0.47759023163176667,0.2768236104306438,-0.5082774523493241,-0.3882774523493241,-0.03977708994281409,-0.03896015110315403
1.276112040946416,0.036842293742087334,1,1,-0.9320751040903781,-3.375522991710564,0.30558019190248,0.8937987459354568,0.7523837327126781,1.1408127893613809,-0.0019184000090541567,0.03991078035428526,0.036842293742087334,0.09154518036525335,0.09154518036525335,0.036842293742087334,0.09154518036525335,1.3214528390345577,1.4414528390345578,-0.0030684866121979265,-0.01150428026328567
0.5226548108644206,0.14913311097015544,0,1,-2.191018183160856,16.471445749144934,0.3034669008166697,0.5115137019191913,0.1416566973910257,-0.3971943099170739,-0.3324425343397702,0.23877521511403613,0.220417304183752,0.14913311097015544,0.14913311097015544,0.220417304183752,0.14913311097015544,0.4797130690660869,0.5997130690660869,-0.018357910930284133,-0.02016360021947055
-0.1567512894832428,0.31279626270824495,1,1,-1.252418414673476,5.770347867630599,-0.8175583983299655,0.4216168299098296,-0.09401517408515554,-0.6631737506367649,-0.6622448193245927,0.3388481462089007,0.31279626270824495,0.5891658395709624,0.5891658395709624,0.31279626270824495,0.5891658395709624,0.003921675182992995,0.12392167518299299,-0.026051883500655737,-0.02769005357965107
0.11307236183648332,0.24020355795546963,1,0,9.044229163109117,10.525795355649151,-1.2103987277827886,0.9788413412371997,0.07861766953178756,-0.8628000195732701,0.8085477496020183,0.24020355795546963,0.22173583080892365,0.5293406065924323,0.5293406065924323,0.24020355795546963,0.5293406065924323,-0.09760854317233342,0.022391456827666578,-0.018467727146545987,-0.02962919178801331
0.5809053655297716,0.07919383456446984,0,0,11.193027700539504,-1.6331313194684063,-0.560448809794373,-1.4065006270122327,1.021222289219133,-0.5370969895661131,-0.4088990902087895,0.12739182737773247,0.11759747824844942,0.07919383456446984,0.07919383456446984,0.12739182737773247,0.07919383456446984,0.9865710988897789,1.1065710988897788,-0.00979434912928305,-0.014381945804097298
0.7724101479101136,0.239688281128423,0,1,5.062642470245351,7.903834305801415,0.04118002034917748,1.1425892227901149,0.020037290866311695,-1.1991171261452302,0.5438770041121802,0.7881712886859699,0.7275738003386389,0.239688281128423,0.239688281128423,0.7275738003386389,0.239688281128423,0.48025405852089664,0.6002540585208966,-0.06059748834733092,-0.02015632933398033
-0.5564141473791021,0.020203307366661066,1,0,-0.4339611807054984,10.68329279677027,-0.48498972426172404,1.8879239715294662,-0.0011197219978901704,-2.235035497898666,0.357364972155674,0.020203307366661066,0.018650003281238364,0.14219586443263735,0.14219586443263735,0.020203307366661066,0.14219586443263735,0.44568106797649754,0.5656810679764975,-0.001553304085422702,-0.020626301026430604
1.5347209432796696,0.0325520509305887,1,0,-4.28361253040098,-6.049342526789346,1.9445977922602284,1.5759202885453896,1.8309542887565653,-1.0197601853814635,0.9121523959767788,0.0325520509305887,0.030049330322436733,0.23922128404292078,0.23922128404292078,0.0325520509305887,0.23922128404292078,0.9329554167888048,1.0529554167888047,-0.0025027206081519697,-0.014905308794491609
1.316348201204661,0.03167232431914665,0,0,2.61059321858097,1.5503739505442735,-0.7219945397367117,0.2242893994169245,-1.2729524287397325,-0.6444557648827163,-0.6762466973636153,0.3569404657084969,0.329497578582372,0.03167232431914665,0.03167232431914665,0.3569404657084969,0.03167232431914665,0.40858659804359776,0.5285865980435978,-0.027442887126124915,-0.021142741538550128
0.6772576303532128,0.07924815269660263,0,0,-3.0770104685349624,-14.34922694255779,0.8985552801426162,0.8007191216696554,0.2768197293308208,-1.3504214180553855,-0.31163943394972,0.22020763791749592,0.20327727016083005,0.07924815269660263,0.07924815269660263,0.22020763791749592,0.07924815269660263,0.35465930850562144,0.47465930850562144,-0.01693036775666587,-0.02191668421954491
-0.8429598658458911,0.10924598404405726,1,0,6.184274646594725,-3.409785377836622,-0.746116482942726,0.869675756694491,1.1781848528171845,1.056385586030883,-0.7552194194170205,0.10924598404405726,0.10084675364816287,0.5886693936814955,0.5886693936814955,0.10924598404405726,0.5886693936814955,0.6025424864390811,0.7225424864390811,-0.008399230395894394,-0.018578272102073495
-1.0202239067705932,0.08298846973865608,1,0,-7.569908429227997,-7.708495976820306,-2.739533122289479,-1.7669618981300543,1.4216269780822084,-0.4012549393198239,-0.7507246182651125,0.08298846973865608,0.07660801297736608,0.21063327542188176,0.21063327542188176,0.08298846973865608,0.21063327542188176,-0.13129884151057342,-0.01129884151057342,-0.006380456761289996,-0.030302198974323742
-0.3266037965965932,0.18521973148838217,1,0,0.4364779759743642,-2.114472043770919,1.642660293436234,1.2651599454883269,0.02444872191978665,-0.2934030910639739,-0.13210121281312523,0.18521973148838217,0.1709793618102691,0.4974775274689534,0.4974775274689534,0.18521973148838217,0.4974775274689534,0.5286363674479579,0.6486363674479579,-0.014240369678113068,-0.019516562759118037
0.06076509764441081,0.3331651717800289,0,0,-4.439772984379349,21.1921569803729,0.22716279838746606,1.600047281319608,0.4224674242372267,0.7260290330391413,1.1692701090701714,0.45622155313764035,0.421145573275255,0.3331651717800289,0.3331651717800289,0.45622155313764035,0.3331651717800289,1.180606068227074,1.300606068227074,-0.035075979862385365,-0.012636848247690189
-1.7684918655590522,0.10577035413777881,0,0,-3.1036609956881596,11.136238522165014,-1.169676001024419,0.7548618924740429,-0.29456875466161137,-2.516095195772766,-2.128169541985812,0.36119545588136753,0.33342542956466326,0.10577035413777881,0.10577035413777881,0.36119545588136753,0.10577035413777881,-0.8023119052246721,-0.6823119052246721,-0.027770026316704277,-0.04739716068602109
0.4946931335452561,0.5937997560560366,0,1,4.590132792580629,-9.746100097186472,-1.0181176115186856,0.5312232285925814,0.11379956534029644,0.184366707175664,1.950943482686692,0.7215962888528208,0.6661173297319714,0.5937997560560366,0.5937997560560366,0.6661173297319714,0.5937997560560366,-0.02029223248761025,0.09970776751238974,-0.055478959120849436,-0.02814067046010291
1.2874622638484718,0.1811167474680207,1,1,7.343934066495662,6.32807842990036,-1.2690896148598123,-0.027433354183723595,0.3044355228138156,-0.7362731165383355,0.028326745082940964,0.19620143027145814,0.1811167474680207,0.48982069415424406,0.48982069415424406,0.1811167474680207,0.48982069415424406,0.14899130955372317,0.2689913095537232,-0.015084682803437444,-0.025137485608376222
0.5764741398308774,0.09414885620343028,0,0,-0.2690568336693163,6.317240576919424,-1.599949334084345,1.4099062172750279,-0.6816145525304338,2.031400164778503,-0.03247432391745505,0.11561314317405115,0.10672438232110512,0.09414885620343028,0.09414885620343028,0.11561314317405115,0.09414885620343028,1.2307148325000035,1.3507148325000036,-0.008888760852946029,-0.012221676864519054
-0.6760528028042351,0.0009162890089945667,0,0,2.5493224706062945,-3.3330243601538627,1.0280535653991831,-0.05330286899115438,-0.03074383226052982,-0.5840293332220078,0.11912392936627762,0.25707586121504805,0.237310929749033,0.0009162890089945667,0.0009162890089945667,0.25707586121504805,0.0009162890089945667,-0.14599878190708143,-0.025998781907081436,-0.019764931466015045,-0.030600619184964064
-0.7944033974004906,0.6696432231240669,1,1,-3.2094579014596256,0.5015419965021318,0.31799869441404743,-0.7842585089151799,-0.1250444158598842,-0.6100988660571137,2.2996640696148387,0.7254158435664784,0.6696432231240669,2.47437585980156,2.47437585980156,0.6696432231240669,2.47437585980156,-0.3833084694117168,-0.2633084694117168,-0.05577262044241149,-0.035845810629071065
0.2998523441740787,0.0938652391280746,0,0,0.4064615579535875,2.407113789612533,-0.08973076991161853,1.5452321516965593,-0.19562233080768832,0.25928764153490796,-1.3213640716452693,0.12023977878471753,0.11099530528208577,0.0938652391280746,0.0938652391280746,0.12023977878471753,0.0938652391280746,1.4548388373042607,1.5748388373042608,-0.009244473502631759,-0.010525439791194737
-0.15330371533817977,0.22042575752567758,1,1,5.455009001457322,-10.689290939295594,-0.44707259186786463,0.21053467078924676,1.5860038309598667,0.22198277767627117,1.3837203611929991,0.2387843725100227,0.22042575752567758,0.5709436832324749,0.5709436832324749,0.22042575752567758,0.5709436832324749,0.042667234907737606,0.1626672349077376,-0.01835861498434513,-0.02698396765305196
0.44304117425590805,0.10184022460827234,1,1,0.7562987815796993,-7.94552836039605,0.6407291102029202,1.6274013394646858,-0.059042217305055426,2.390222710651804,-0.485396202914123,0.11032219828725451,0.10184022460827234,0.19844533541054377,0.19844533541054377,0.10184022460827234,0.19844533541054377,2.1169049488567375,2.2369049488567376,-0.008481973678982166,-0.006769435875723872
0.6017213726056347,0.2497364323240486,1,0,-0.5163588665972267,0.9912283149448904,-0.766461834197669,-1.2100528496890341,2.3310246715580702,0.8194475726178976,-0.33412073338030845,0.2497364323240486,0.2305357829666091,0.3019366815913567,0.3019366815913567,0.2497364323240486,0.3019366815913567,1.2406340453048967,1.3606340453048968,-0.01920064935743951,-0.012141123889660864
1.091890528894662,0.3344017122266809,0,0,0.494428606934078,2.1628375342031614,1.249022696873495,0.687692185117782,1.9661274713755903,-1.5478328327399113,-0.26536010831425455,0.40242178890331415,0.3714821314788013,0.3344017122266809,0.3344017122266809,0.40242178890331415,0.3344017122266809,0.3977540108729204,0.5177540108729204,-0.030939657424512823,-0.021295981260598833
-1.132123428929522,0.06018037993510543,1,0,4.7251351378403506,-7.140461328259013,-0.46252138394282544,-1.9736826764086015,1.060327204779694,-0.2703965558033584,0.7396312049865622,0.06018037993510543,0.055553492449854136,0.5436944370906878,0.5436944370906878,0.06018037993510543,0.5436944370906878,0.9647206387584101,1.08472063875841,-0.004626887485251294,-0.014592980563505144
0.221618947849312,0.2680441851128885,0,0,-5.0621138028589225,-5.570574686533366,2.3597719343296117,-0.3532436918276083,-0.4211529826571552,0.11866416972399602,0.9872473529834096,0.3729319657873875,0.344259593708439,0.2680441851128885,0.2680441851128885,0.3729319657873875,0.2680441851128885,-0.16055683405641819,-0.04055683405641819,-0.028672372078948516,-0.030899055331984043
-0.3634750039613235,0.01697107698238349,0,0,-5.116736566453686,-1.8268002210963854,-0.5667130253101499,-0.6309615971321306,1.0571892702413659,0.37863932383803556,-2.0447282630048207,0.13765771779521194,0.1270740895030386,0.01697107698238349,0.01697107698238349,0.13765771779521194,0.01697107698238349,0.7178873863336341,0.8378873863336341,-0.010583628292173325,-0.017203212358256136
-0.09863504393536142,0.0929240800891084,0,0,2.548113530392793,6.664662864256791,-1.2253917994691081,1.5012358638272103,0.4019282830788125,-0.762195931037249,-0.17040965723498214,0.21934848854844288,0.2024841753342694,0.0929240800891084,0.0929240800891084,0.21934848854844288,0.0929240800891084,0.4914361617178446,0.6114361617178445,-0.016864313214173476,-0.02000662791637106
0.864408852668744,0.10330092788071023,1,0,-1.2615190710879536,1.6171268557371201,0.013236672801670204,0.7357333602801638,-1.3582633948587894,-0.8409491386704581,0.27295575486338886,0.10330092788071023,0.09535877512359059,0.709723756638482,0.709723756638482,0.10330092788071023,0.709723756638482,0.3235073326156321,0.4435073326156321,-0.007942152757119639,-0.022376608888517197
0.9731258730512434,0.1067143509252876,0,1,-5.745115847358343,13.775044238423368,-0.09983458049545033,0.5718591826367099,-1.2295073973595978,0.3571286762713211,1.0915836193774722,0.22265656293678754,0.20553791287721332,0.1067143509252876,0.1067143509252876,0.20553791287721332,0.1067143509252876,0.48763277765752855,0.6076327776575285,-0.01711865005957422,-0.020057420877349092
1.3984436503836541,0.19382125291772231,0,1,8.475414385264667,-2.6800215935682163,0.4868185471492834,0.13911173976159188,-0.09588360256597088,-0.8348511527715018,-0.07199859243978847,0.5236091032639671,0.48335212233981606,0.19382125291772231,0.19382125291772231,0.48335212233981606,0.19382125291772231,0.4596704677766772,0.5796704677766772,-0.04025698092415109,-0.02043482889337201
0.4255902503682677,0.4719312804188876,1,1,-4.936322724867197,2.485647648546584,1.259705852880406,-0.11902850660012523,-0.8898039893484101,-0.4922470887653863,0.20085029727593015,0.5112370529090654,0.4719312804188876,1.0695384432734367,1.0695384432734367,0.4719312804188876,1.0695384432734367,0.11410468506249402,0.23410468506249402,-0.039305772490177804,-0.025728978692354826
-0.11001679075579433,0.3406606150511623,0,0,-0.7688985563542282,-3.212483552151885,-0.37351399718084694,0.4853032830631407,0.5228437607490304,0.8889831804046482,1.4235594722650329,0.8884397049100432,0.8201332143813801,0.3406606150511623,0.3406606150511623,0.8884397049100432,0.3406606150511623,0.2668525600923116,0.3868525600923116,-0.06830649052866311,-0.02323793367410433
-0.25287846945038367,0.08673510539321047,1,1,-3.556660062026933,4.175952243142861,0.9958587243723608,-0.9342390641479599,-0.9035344465762722,-0.07577147645982442,-0.4511753572394145,0.09395901798588945,0.08673510539321047,0.2387342019746344,0.2387342019746344,0.08673510539321047,0.2387342019746344,0.4827746325371281,0.6027746325371282,-0.007223912592678974,-0.02012248742896449
-1.7347550023946687,0.3522984300026332,1,0,-3.689842072168359,-7.809929511760563,-1.1383267269609427,-0.44169179417299426,-0.474512933619039,-0.6718477397612058,-0.3157894861550056,0.3522984300026332,0.3252124395417787,1.2548968997182326,1.2548968997182326,0.3522984300026332,1.2548968997182326,-0.6997327398286548,-0.5797327398286548,-0.027085990460854525,-0.04426419962702976
1.3397350448986038,0.09414626359966169,1,0,-1.9812854052000715,15.063131586873805,1.178450850318331,0.19923804124923924,2.4718090760554694,0.17050818601964934,-0.29006577393725175,0.09414626359966169,0.08690795488007282,0.4624986783453625,0.4624986783453625,0.09414626359966169,0.4624986783453625,0.8807094629608598,1.00070946296086,-0.0072383087195888735,-0.015433617431004033
-0.32189841378567,0.09294755813498778,1,1,2.2524037719679466,-13.977430105360819,0.004132882654866092,0.25649197844354,0.43525395717106363,2.0767113258590237,-0.8453204649775686,0.10068888769959865,0.09294755813498778,0.2786829584331458,0.2786829584331458,0.09294755813498778,0.2786829584331458,0.9768447054831056,1.0968447054831056,-0.007741329564610863,-0.014475505116406173
0.5058970600029105,0.09836686743175559,1,1,0.837843035805268,13.62481120035861,0.8590460581777356,0.20775059761412384,-1.5710977425706176,0.7706987820947633,1.2676235608039048,0.10655955537651789,0.09836686743175559,0.3910020447170784,0.3910020447170784,0.09836686743175559,0.3910020447170784,0.33909004140997223,0.4590900414099722,-0.0081926879447623,-0.02214535337729804
0.6789965257424327,0.02644636000549807,1,1,6.009717310178156,2.983024422522489,-0.8571764037774298,-0.008933867891970693,-1.7253542620077036,-1.2588064596843365,1.0480295776172526,0.02864899978103231,0.02644636000549807,0.08227623891803731,0.08227623891803731,0.02644636000549807,0.08227623891803731,-0.37939282924357537,-0.2593928292435754,-0.0022026397755342403,-0.03575235979145013
-1.2453155090501393,0.19154749748783068,1,1,-4.181445804221502,2.3219911050240283,-0.4664165060074345,-1.1088029749380393,0.22946036445842968,-0.5224124314310232,-0.4708216577755361,0.2075009268740686,0.19154749748783068,1.677534849938449,1.677534849938449,0.19154749748783068,1.677534849938449,0.1299008204877395,0.24990082048773948,-0.01595342938623792,-0.025459454707732105
-0.9233463924596346,0.3502655930876294,0,1,9.170641165274931,8.65990477498434,0.7393260256749032,-1.1617333589343466,-0.9053652126818322,0.15407999214886864,0.9694097907482053,0.41461660283224344,0.3827393635577395,0.3502655930876294,0.3502655930876294,0.3827393635577395,0.3502655930876294,0.2662707413785449,0.3862707413785449,-0.03187723927450392,-0.023246948932193826
1.547019907055494,0.2696355714089939,0,0,-5.706287314182945,8.574669858527713,1.2381603014898497,-0.665061720361623,0.9373769669196479,-0.7841422934704089,1.8262093469068,0.5747897764707482,0.5305978383960683,0.2696355714089939,0.2696355714089939,0.5747897764707482,0.2696355714089939,0.28420936634966193,0.4042093663496619,-0.044191938074679915,-0.022970592511537692
0.29043551568354414,0.11378719436969276,1,1,-7.814319882509947,-5.3621354912109815,-1.1337710254197284,1.328478810791731,-0.6564861068187239,2.0132464547946003,0.5913207288524843,0.12326419612770502,0.11378719436969276,0.21397363520059623,0.21397363520059623,0.11378719436969276,0.21397363520059623,1.1271566124833505,1.2471566124833506,-0.009477001758012263,-0.013095255389950546
-0.580585664298516,0.13492427461125978,1,0,7.9522012741708625,2.891879958420604,-1.016016529408222,-0.5222384795425068,0.7811812052237417,1.0526444176155614,-0.07071559172446261,0.13492427461125978,0.12455080341801325,0.4824923800699425,0.4824923800699425,0.13492427461125978,0.4824923800699425,0.28452098148434457,0.40452098148434457,-0.010373471193246525,-0.022965821017658632
-0.12634701112754376,0.24613928866430326,1,0,1.7339587769853684,13.990966773109252,0.044658280963466405,0.7583530326440655,0.13179842701081995,-1.2935048593383758,-0.8129740246401806,0.24613928866430326,0.2272152008539971,0.7172448913429716,0.7172448913429716,0.24613928866430326,0.7172448913429716,0.1784647957481338,0.2984647957481338,-0.01892408781030616,-0.024648380333697543
1.0862369048328389,0.17881222421964277,1,0,3.0940061238166363,-5.80246371268936,0.23511994315166507,1.2154824164976936,1.6159824241620477,0.7795294207714503,0.28729076103636375,0.17881222421964277,0.16506448711090452,0.535183026077445,0.535183026077445,0.17881222421964277,0.535183026077445,1.3834871389949335,1.5034871389949336,-0.01374773710873825,-0.01103821080504943
0.9343144797343041,0.11165603052758635,1,1,3.2600457234754088,17.222131420167575,0.748813885982477,-0.6667508502068556,-0.15323096025821417,-0.8241307213394766,-1.2487426107077115,0.12095553389845469,0.11165603052758635,0.3192821491442602,0.3192821491442602,0.11165603052758635,0.3192821491442602,0.6819768957035414,0.8019768957035414,-0.009299503370868337,-0.0176200323851419
-1.4660817622396431,0.3432114808843931,1,0,0.5482060694136264,0.13809100123509044,0.33354901163620493,0.1855133065847436,0.6876524845090128,0.5461118308924472,0.24264427132386202,0.3432114808843931,0.3168241282719476,1.1677515750060121,1.1677515750060121,0.3432114808843931,1.1677515750060121,0.01030521790042041,0.1303052179004204,-0.026387352612445514,-0.027572463544212302
1.6342838436718925,0.1271214570627933,0,0,4.1581133459141375,-0.6164569746820616,0.5566166656775543,-0.04268309622747663,0.4128913952224006,-0.7261444026863596,0.3697059256391301,0.3338086884743106,0.3081442568965203,0.1271214570627933,0.1271214570627933,0.3338086884743106,0.1271214570627933,0.4942529179881033,0.6142529179881033,-0.025664431577790303,-0.019969093972304636
0.9661480309986796,0.07508034423158529,1,1,-3.066688252140753,-4.979142505441278,0.6684176852860094,-0.6696814280722031,0.05183209899284673,-0.6236025096293596,-0.5265066965161149,0.08133356594266053,0.07508034423158529,0.2927316815765865,0.2927316815765865,0.07508034423158529,0.2927316815765865,0.6352599768282794,0.7552599768282794,-0.006253221711075244,-0.018177436479274372
-0.1524752493415862,0.2167666347852158,1,0,4.2652835061612,-2.255018706040911,-1.1249293551021546,1.2657749251665555,1.0656851747200478,0.5374338542273371,1.972195951943814,0.2167666347852158,0.2001008239214546,1.33887745129771,1.33887745129771,0.2167666347852158,1.33887745129771,0.32248569877887856,0.44248569877887856,-0.016665810863761205,-0.02239185454694956
-1.1917224430867204,0.05962188355643119,1,0,-0.16570061192383623,-16.129810391416196,-0.18924569656839169,3.0317624151106344,-0.22752941536322038,0.25519335175601643,-0.39777791394020817,0.05962188355643119,0.0550379353133022,0.23401348299254732,0.23401348299254732,0.05962188355643119,0.23401348299254732,3.0868510226946246,3.2068510226946247,-0.0045839482431289935,-0.0035458823911887643
1.0540086400609254,0.05975677778201017,0,1,7.658610952628456,-2.1747493033371974,0.372325560060305,0.8356149278862445,-0.11391639305308393,1.7767198471176207,0.23914928463346072,0.17814286930871934,0.16444659465109696,0.05975677778201017,0.05975677778201017,0.16444659465109696,0.05975677778201017,1.320288037891793,1.440288037891793,-0.013696274657622381,-0.011513217198618994
0.4764275002946196,0.14687222373972067,1,1,9.40147286392423,-1.3926800217637831,0.2704853861101991,-0.9089976945137175,0.4184990745503845,-0.1340272208093656,-0.6082397293372869,0.15910478057790245,0.14687222373972067,0.7911225118298393,0.7911225118298393,0.14687222373972067,0.7911225118298393,0.8016076952669763,0.9216076952669763,-0.01223255683818178,-0.016269343858384147
-1.4577983780777652,0.10721169673358594,1,1,-1.6390336796954392,-9.296725178930334,-0.7764744081483639,2.671763379756685,-0.2634772501790354,-1.4569854207812678,-0.6982214597325725,0.11614104457498321,0.10721169673358594,0.11388386139811872,0.11388386139811872,0.10721169673358594,0.11388386139811872,1.7048212027336225,1.8248212027336224,-0.008929347841397275,-0.008909697174856561
-0.23207807535837705,0.3638853751945698,1,1,-6.620029278688328,4.639746949080598,-0.051567839476213594,0.546667032616485,0.5547965217253135,0.6766145517765254,-0.6448603066373296,0.39419232106432756,0.3638853751945698,0.8989728092893677,0.8989728092893677,0.3638853751945698,0.8989728092893677,0.6258949122255371,0.745894912225537,-0.03030694586975774,-0.01829128007163448
3.1261729427924885,0.029925942878833607,0,0,13.033110057764244,3.5815784813224845,0.34044044350154545,-0.8760594641105784,-0.6196429830140117,-0.9177089745002595,-1.1883888545982695,0.10676209507635506,0.0985538351394675,0.029925942878833607,0.029925942878833607,0.10676209507635506,0.029925942878833607,1.2751131423988298,1.3951131423988299,-0.008208259936887563,-0.01186523023225234
0.016501757414421527,0.15230401983741454,1,1,-4.8304706648921245,-5.072222093155731,1.0642094888580087,0.6886117009788877,0.9766653699781299,0.03931306602429631,0.7768076988651466,0.16498897504478155,0.15230401983741454,0.5076944027243333,0.5076944027243333,0.15230401983741454,0.5076944027243333,0.3404693094086013,0.4604693094086013,-0.01268495520736701,-0.022124999818248614
-0.7419705943356569,0.34530549668923205,0,1,0.5869606917198722,-3.6311035189441325,-1.761289404642545,0.8630875180453551,0.1771198300050302,0.6271096001491656,0.38002329904861315,1.9801895381886863,1.8279453316457797,0.34530549668923205,0.34530549668923205,1.8279453316457797,0.34530549668923205,-0.18809380694642044,-0.06809380694642045,-0.1522442065429066,-0.031471538370071765
-1.0084966253066405,0.20044837141858707,1,1,-1.9354418749162765,1.2295538409135793,-0.9870551545368866,-1.4980397753910466,-0.7120541661829632,0.5649172812729122,0.6900914151753954,0.21714312849426212,0.20044837141858707,0.6521062339448278,0.6521062339448278,0.20044837141858707,0.6521062339448278,0.44154748451185777,0.5615474845118578,-0.016694757075675054,-0.020683219774448747
1.7720989834294196,0.13646321082266852,1,1,0.7310047687850885,3.649199972510325,-1.3679422773818628,-0.9810993674682146,-0.7232356859408393,-0.3573050602668157,-1.3620508308526522,0.1478288314975983,0.13646321082266852,0.3233013590437502,0.3233013590437502,0.13646321082266852,0.3233013590437502,0.8946100802373419,1.014610080237342,-0.011365620674929772,-0.015291253559004594
0.847759489577688,0.22473964333958538,0,1,5.807551007027119,-3.3101457462611346,-1.4220517661401326,-0.8218352964075539,0.08625383622500567,-1.1805943397534906,-0.11580350997176611,0.4118191664006889,0.38015700425979393,0.22473964333958538,0.22473964333958538,0.38015700425979393,0.22473964333958538,0.05383478653570961,0.1738347865357096,-0.031662162140894956,-0.02678381707360335
1.4074391139172275,0.13429365191345216,1,1,3.2055439369608676,2.5401463652650174,1.0585528161418154,-1.30177973741351,-0.20644575841053947,1.0247567337507726,-0.4182683903638093,0.14547857638868514,0.13429365191345216,1.7343861107876604,1.7343861107876604,0.13429365191345216,1.7343861107876604,1.5964713051773034,1.7164713051773033,-0.011184924475232977,-0.009577087422070224
0.24818528409215787,0.23724072728121165,1,0,2.293804911899159,-0.24824390547141048,-0.5736696908584189,1.1634958143064738,-0.30620207897154783,1.1044950252055679,0.4289653911271988,0.23724072728121165,0.21900079338194034,0.5160772457170456,0.5160772457170456,0.23724072728121165,0.5160772457170456,0.9205393382391125,1.0405393382391126,-0.01823993389927131,-0.01502919781560904
1.2540192353327866,0.1537601462853944,1,1,-2.4307230540361506,-7.0277907433378335,-0.34284465290983673,0.47969053059753036,0.3204495138460378,1.020882821002474,-0.5483455378650185,0.16656637799477755,0.1537601462853944,0.4438236519074106,0.4438236519074106,0.1537601462853944,0.4438236519074106,1.102080434967121,1.222080434967121,-0.012806231709383165,-0.013316014815311493
-0.8483203895479107,0.17737419866232176,1,1,-1.3363466299945883,-3.1776074364107414,0.041206066781619685,-0.061515679604637406,0.7041481416397848,-1.0251791944441757,1.016977048237856,0.19214717555010208,0.17737419866232176,0.517658933026985,0.517658933026985,0.17737419866232176,0.517658933026985,-0.46883240863360487,-0.3488324086336049,-0.014772976887780315,-0.03794898134202644
0.16259098091505825,0.11471836615196118,1,1,-2.68690765292486,3.109816604182541,0.4663287721704166,-1.3169250736329463,1.2082628254805003,2.2340930807977313,1.0018339695494078,0.12427292247722029,0.11471836615196118,0.16798361474251353,0.16798361474251353,0.11471836615196118,0.16798361474251353,1.4752126323278008,1.5952126323278009,-0.009554556325259103,-0.010383444201978231
0.2870535149727362,0.016825496242766556,1,1,-0.9242497402973041,5.904882892066026,1.4269847672264693,0.0853713816025881,-1.66150491973851,-1.8441204511675249,0.25508204386775846,0.018226842487002615,0.016825496242766556,1.162807487134403,1.162807487134403,0.016825496242766556,1.162807487134403,-0.4230589653074299,-0.30305896530742993,-0.0014013462442360597,-0.036808435059761016
1.3824469318752208,0.0791677654427774,0,0,1.4043135376942604,0.10954313387810788,-0.59197880772998,-0.9145762783273513,-0.06274668396867535,0.6155852878612882,-1.4527575467621472,0.16342595368208784,0.1508611692677605,0.0791677654427774,0.0791677654427774,0.16342595368208784,0.0791677654427774,1.3201496333426825,1.4401496333426826,-0.012564784414327346,-0.011514279568720637
0.31884304014045534,0.05504933849542075,0,1,8.076245286086943,5.533183539050246,-0.4488776202803848,1.5098706831203152,-1.0752883802213746,0.8697611871649563,-0.4847307615489939,0.08259035297142728,0.07624050488176658,0.05504933849542075,0.05504933849542075,0.07624050488176658,0.05504933849542075,1.338379108367913,1.4583791083679132,-0.006349848089660701,-0.011375193587494503
-0.6255117417362148,0.1324098635487376,1,1,-3.1326710872722354,-8.889246562972078,0.5457937598499527,1.0973275072028672,0.7412817669850216,0.9091596022138765,-1.1515935334079561,0.14343789281495337,0.1324098635487376,0.8439096543423119,0.8439096543423119,0.1324098635487376,0.8439096543423119,1.027050160520199,1.147050160520199,-0.011028029266215766,-0.013999024033207366
0.06407383892037402,0.11925627059559522,1,0,-9.731045923249384,-7.175450107809487,1.1136597067412988,-0.8526931146348199,0.2595417655715384,0.2582461869972269,0.48512255886958094,0.11925627059559522,0.11008741279590188,1.475338059358873,1.475338059358873,0.11925627059559522,1.475338059358873,0.5112338528893963,0.6312338528893963,-0.009168857799693342,-0.019744306152226804
-1.6764132024602407,0.07945181549291538,1,1,3.9388922529438037,-4.258469167595415,0.33695667606019053,-0.8438099785247232,-1.3498674122957162,0.8723486799617686,0.18583457751891555,0.08606912422677214,0.07945181549291538,0.9079679597065479,0.9079679597065479,0.07945181549291538,0.9079679597065479,0.17055666996237867,0.29055666996237867,-0.0066173087338567554,-0.024778671813778567
-2.3209687332702673,0.3012178282556493,1,1,-2.298100539983104,7.518590358557624,1.1493768409578178,-0.04473293418786798,-1.4051643606769604,0.9661296810041061,-0.370370609661107,0.3263053779024816,0.3012178282556493,1.3933442004544243,1.3933442004544243,0.3012178282556493,1.3933442004544243,-0.09495752461777482,0.025042475382225177,-0.025087549646832297,-0.029576873009524607
0.8313413701082871,0.21585174542832947,1,0,1.3524181352556561,2.1378566834492503,0.3420034574210212,-0.6474594284795192,1.6443017102336905,-0.8765648241831969,-0.33742975410617465,0.21585174542832947,0.19925627460097775,0.2508344145911593,0.2508344145911593,0.21585174542832947,0.2508344145911593,0.574687481583747,0.694687481583747,-0.016595470827351716,-0.018926493908357614
-0.37474388630634403,0.028349978549247572,1,0,-2.5751190191906144,-3.436708699174211,0.10744870269731638,-1.0921823270869582,0.33051952858759515,1.6119104774674902,-0.49046216069371046,0.028349978549247572,0.026170328618520918,0.535555409766601,0.535555409766601,0.028349978549247572,0.535555409766601,1.1398191136799511,1.259819113679951,-0.0021796499307266543,-0.012985174883810745
-0.2614172989802677,0.009544355250020753,1,1,-4.034990525835239,10.97093568732094,0.3951428190317255,-2.7494353860385554,-0.03892920048484066,-0.31304228592620537,-0.8184976024103849,0.010339276611643078,0.009544355250020753,1.1943186682792766,1.1943186682792766,0.009544355250020753,1.1943186682792766,2.8044415307726926,2.9244415307726928,-0.0007949213616223246,-0.004280458093693967
0.8309466793666148,0.004631761041510882,1,1,9.746122119194903,-0.8507112368746865,1.081450469628532,-0.32624368162382816,-0.17747748709358746,-0.37719287478907115,-1.9168158717650765,0.005017526836829436,0.004631761041510882,0.14469704745593606,0.14469704745593606,0.004631761041510882,0.14469704745593606,0.7612411643797965,0.8812411643797965,-0.0003857657953185538,-0.01671311286313063
1.397010385044599,0.21734626120081552,0,0,1.5776736433245229,19.72593202096706,-1.131986440076961,0.9610934861202163,-2.109950646879972,-0.7663153496157056,-0.3997200562897638,0.4416656815999553,0.40770881032291384,0.21734626120081552,0.21734626120081552,0.4416656815999553,0.21734626120081552,0.46917253448449286,0.5891725344844929,-0.033956871277041445,-0.020305789300952837
0.534487954827583,0.05626805373810585,0,1,-8.88269710637894,-3.480562996107897,1.7436218672915653,0.768603765496369,-0.5571705270530996,1.304513697115551,-0.7405158205011196,0.6651235163035788,0.6139863902659917,0.05626805373810585,0.05626805373810585,0.6139863902659917,0.05626805373810585,0.9663319403078708,1.0863319403078708,-0.05113712603758713,-0.01457731318517324
1.9280728302178118,0.12608971533758748,1,0,4.851181993626679,-4.949094454122255,1.0090998037340055,-1.3588772459230156,1.0732578317891572,-0.4061336454709856,-1.0285042409412697,0.12608971533758748,0.11639547733936469,0.2801831322320409,0.2801831322320409,0.12608971533758748,0.2801831322320409,1.5418914540314432,1.6618914540314433,-0.00969423799822279,-0.009931982307330665
0.5026891340572774,0.11840473738447936,1,0,5.986607452922462,-0.5218846673355924,-0.21714361307631405,0.27734417972021486,-0.49474843052571216,0.5539535059953238,-0.5829938836640675,0.11840473738447936,0.10930134856922971,0.35935949278624224,0.35935949278624224,0.11840473738447936,0.35935949278624224,0.655320353615034,0.775320353615034,-0.00910338881524965,-0.017935957316169888
0.30221346357999473,0.31707580172844113,0,1,0.9840703476651229,-1.2123890673737403,0.6203723939313579,0.44222206203659953,-0.06092305470793503,-0.4413823123659498,0.15154079576526616,0.6324998320587717,0.583870934060254,0.31707580172844113,0.31707580172844113,0.583870934060254,0.31707580172844113,0.27557263636322415,0.39557263636322415,-0.04862889799851766,-0.023103234546333673
0.24038882250459914,0.12866993349779884,1,1,-3.8111123649577436,-6.177137478535542,0.5502537430336992,2.0617991527316084,0.939420421798181,0.9759899498158413,3.0885121948602836,0.13938647495676246,0.12866993349779884,0.6342213508579388,0.6342213508579388,0.12866993349779884,0.6342213508579388,1.565765962471683,1.6857659624716832,-0.010716541458963613,-0.009775152896197709
-1.2854955621336164,0.02230119864656665,0,0,-6.742146523655333,17.29080168359159,0.5159584767678441,0.4846435113117023,0.7040150743216541,-1.0089659775882531,-0.4439016364187562,0.30434658759994476,0.2809473099805012,0.02230119864656665,0.02230119864656665,0.30434658759994476,0.02230119864656665,-0.20214842087725027,-0.08214842087725027,-0.023399277619443548,-0.031767804385145586
0.9559986056401223,0.33416081506553647,0,1,-2.810273507526038,3.901406192692479,-0.506169266692334,0.6476139772195617,-0.17417456222119868,0.1382234254743028,1.0874546201484645,0.3979311672528635,0.3673367652278326,0.33416081506553647,0.33416081506553647,0.3673367652278326,0.33416081506553647,0.44512318421039326,0.5651231842103932,-0.030594402025030887,-0.020633973838852904
-2.445466020015286,0.16572788928054027,0,0,3.3220948343482695,-0.5200358613913645,0.8631507387041388,-0.16172100304124704,-0.6699950968782225,1.1352747316531886,0.7738911809098658,0.2131749983256242,0.1967853255953274,0.16572788928054027,0.16572788928054027,0.2131749983256242,0.16572788928054027,-0.2170539811009254,-0.09705398110092542,-0.01638967273029679,-0.03208505599317956
-0.5862528572757782,0.030148692859043792,0,1,-0.5053527278844174,-4.466654898743474,-1.6062568182953822,-0.3131539389082808,0.1655154620167624,0.7788297171210313,0.9101014949397712,0.6437503270563053,0.5942564498974183,0.030148692859043792,0.030148692859043792,0.5942564498974183,0.030148692859043792,-0.32735944965393104,-0.20735944965393105,-0.04949387715888698,-0.03453341325151301
0.022930350567612473,0.10554259524473955,1,0,-8.236511641710951,-3.9849034823722054,0.2839060011754735,0.585247531358856,0.06413680237815363,-0.6738516881805606,-0.261264391041254,0.10554259524473955,0.09742809491048748,0.3092617871449714,0.3092617871449714,0.10554259524473955,0.3092617871449714,0.24725661243301036,0.36725661243301033,-0.008114500334252067,-0.023543504868571808
-0.7897623234133629,0.19785715140342447,0,1,0.2071293150136979,7.221236036450361,0.018991186640108272,-0.034679250018589874,-1.8855729044434706,-0.3974833349294312,0.05620565308915186,0.4869904130679771,0.44954881083662956,0.19785715140342447,0.19785715140342447,0.44954881083662956,0.19785715140342447,-0.241849325240127,-0.12184932524012701,-0.037441602231347515,-0.032619837180466155
-0.4517559230728214,0.24178210546087903,1,0,-0.04912432895868957,-12.794863752068053,-0.281369991905701,-0.24682379551158573,0.4879913708045874,-1.0789571870486339,-1.6280422139512112,0.24178210546087903,0.22319301381471493,0.35005842307906815,0.35005842307906815,0.24178210546087903,0.35005842307906815,0.08781939155500912,0.20781939155500911,-0.018589091646164096,-0.02618381472396557
1.8393755662272286,0.09334200726799188,1,1,0.19802536516100133,-6.628895908502599,-0.3481697908366748,0.7641144055017897,1.6875530394866385,0.78212823909474,-1.4682637598688473,0.1011161893442376,0.09334200726799188,0.5036154011089777,0.5036154011089777,0.09334200726799188,0.5036154011089777,1.5660708356485258,1.686070835648526,-0.0077741820762457226,-0.009773166310145076
1.1040238857816786,0.025049845824712372,0,0,-3.6374268855612897,-0.4762322525665039,-0.23236723937677117,0.2566343810815294,0.1775911169235922,0.539304552942874,-0.9170489464607607,0.24437384303342596,0.22558548913347742,0.025049845824712372,0.025049845824712372,0.24437384303342596,0.025049845824712372,0.9346225233944818,1.0546225233944817,-0.01878835389994854,-0.014888752170914097
-0.6858276808067391,0.3585362293839219,1,0,-6.028669924739984,8.912244432779456,0.06494308755074261,0.420322829776129,0.8256709533036595,-0.805718166612792,-0.345156867242898,0.3585362293839219,0.3309706541161267,0.5227508927505955,0.5227508927505955,0.3585362293839219,0.5227508927505955,-0.030534164233021938,0.08946583576697806,-0.027565575267795184,-0.028333471145626243
-0.46956651097237645,0.10587094784764259,0,0,5.462873363581306,-2.5882590405280546,-2.7038176800733402,-0.6214619675777742,-0.524414892971043,-1.019584508167443,0.1656121502326517,0.2885745072659687,0.2663878448076847,0.10587094784764259,0.10587094784764259,0.2885745072659687,0.10587094784764259,-1.2983927439841247,-1.1783927439841246,-0.022186662458284045,-0.06597546199496412
-1.2770039485518438,0.1270399005071336,1,0,0.6682090312501059,1.440411167070095,-0.05594543204526823,-2.2592138775776114,0.21550796930175647,-0.9283241307890274,0.48568895919051513,0.1270399005071336,0.11727260880146687,0.9442696441723383,0.9442696441723383,0.1270399005071336,0.9442696441723383,1.211038253081627,1.3310382530816272,-0.00976729170566673,-0.012383053527667259
0.704993786006137,0.7038329777529974,1,0,3.522513384531651,1.3670005588551128,-1.2818512477286654,0.03000653853094012,-0.2831633288865059,0.30310188495033036,0.12469727765134685,0.7038329777529974,0.6497197268897732,0.7817685013701459,0.7817685013701459,0.7038329777529974,0.7817685013701459,0.21357478724431256,0.33357478724431255,-0.05411325086322416,-0.02407814375273301
-0.24974245041047577,0.1151097808564911,1,1,1.2003393950596548,9.941328817342063,-0.25516417502145444,-1.5362723140442447,-1.4772079634610316,-0.583886939092219,-0.00827988392958697,0.12469693696473531,0.1151097808564911,0.7070209755564099,0.7070209755564099,0.1151097808564911,0.7070209755564099,0.664334019808647,0.784334019808647,-0.009587156108244219,-0.01782850134220344
-1.9664664708945478,0.7821809812357942,1,1,-1.5146709166491206,-14.039102925999172,-0.608247947199117,0.6252119305794656,-0.2792209192116837,-0.9650127247795103,-0.27809629298790933,0.8473265415540453,0.7821809812357942,1.022683015153962,1.022683015153962,0.7821809812357942,1.022683015153962,-0.5945600583719497,-0.4745600583719497,-0.06514556031825114,-0.041266915214508135
0.10078359181005818,0.24912350245188294,1,1,-1.6305613699318064,5.120668182783281,0.22585983631655238,0.3248847188245844,1.8783791319931293,-0.6689093400034194,-0.07347866159040038,0.26987226846001566,0.24912350245188294,1.0841600821383413,1.0841600821383413,0.24912350245188294,1.0841600821383413,0.26373644559683734,0.38373644559683734,-0.02074876600813272,-0.023286258559995283
0.43897888360182563,0.19294042397957673,0,0,-0.4375491247101504,-0.04006202157121974,0.4261239468194264,-0.023422959200815323,-0.5006181459886532,-1.5492571763442435,-0.5108345590530156,0.3288235407227708,0.30354238551792134,0.19294042397957673,0.19294042397957673,0.3288235407227708,0.19294042397957673,0.01702269792036254,0.13702269792036254,-0.02528115520484947,-0.027449261304339913
0.9631409731750529,0.18147396311451294,1,0,8.167211911345282,9.075226380848381,-1.073702412717801,-1.7266066811237784,-0.7956788416705864,-1.0470917207664545,0.5837865452929482,0.18147396311451294,0.1675215817945723,2.1660604497138887,2.1660604497138887,0.18147396311451294,2.1660604497138887,0.8577814690405361,0.9777814690405361,-0.013952381319940643,-0.015671337542090928
-0.07335479457677492,0.04779380954939421,0,1,7.001108940654383,-5.360488968320027,0.6010918374142937,-0.9038792895808748,-0.2602286305631211,-1.8582426621125354,-0.4943399501826941,0.886642529521516,0.8184742124029067,0.04779380954939421,0.04779380954939421,0.8184742124029067,0.04779380954939421,0.05114384583710968,0.17114384583710968,-0.06816831711860927,-0.02683190930744005
-0.3726711627863816,0.2338337630662822,1,1,-7.767252404693281,-0.6572817995968969,0.3989819007023456,0.8249378896141027,-0.7130470816913138,1.0518548605275198,-1.5156919215134717,0.2533090915154739,0.2338337630662822,0.23927970592790346,0.23927970592790346,0.2338337630662822,0.23927970592790346,0.9480498322409905,1.0680498322409906,-0.019475328449191726,-0.014756069664074967
1.986264680489528,0.22586648112184396,0,0,2.3369137089476966,1.5250757856208408,-1.2476277991437925,0.7096618656378763,1.6711212285632473,0.4934319881836954,-0.040342386534012425,0.42589260128254647,0.3931484220490445,0.22586648112184396,0.22586648112184396,0.42589260128254647,0.22586648112184396,0.998218421235756,1.118218421235756,-0.03274417923350198,-0.014270704146345022
0.0065861560995518365,0.195484826628184,1,0,5.117492385485818,-7.150132896300446,-2.1951837465222086,-2.0224470560434793,0.12940953689586895,-0.35806266957117455,-1.105835182152118,0.195484826628184,0.18045523893103416,0.941124821740436,0.941124821740436,0.195484826628184,0.941124821740436,0.9456631627776135,1.0656631627776134,-0.015029587697149849,-0.014779566926428346
0.7195618315979349,0.19184203655445686,1,0,10.663136718832757,-8.67693063090212,0.06553258083005072,0.11513136750780958,0.9444158685402726,0.13660228301270078,1.2283943683343845,0.19184203655445686,0.17709251986752164,1.326876263111284,1.326876263111284,0.19184203655445686,1.326876263111284,0.3596032365865728,0.4796032365865728,-0.014749516686935221,-0.021844566792252745
-0.5395396433762586,0.3267418894894336,1,1,9.203582824405816,-4.913054909458077,0.007994029548813363,-0.11533499480733611,1.0643121862471823,-0.9784408800414345,2.8144474532661614,0.3539552633515839,0.3267418894894336,0.8097914881590125,0.8097914881590125,0.3267418894894336,0.8097914881590125,-0.6733207630025673,-0.5533207630025673,-0.02721337386215028,-0.04349161804701113
0.6899096516358328,0.4044879698346407,1,0,-2.9425069672103548,1.0282512235794028,0.3752574781667358,0.3808292528376731,0.5250959739725976,1.8771364753316424,0.7925074116726066,0.4044879698346407,0.3733894568711013,0.4669065416323868,0.4669065416323868,0.4044879698346407,0.4669065416323868,0.9913480501747834,1.1113480501747834,-0.031098512963539382,-0.014336217420505434
-1.455628992404098,0.17575771270750343,0,1,3.0915386277615373,-7.559900679021371,-1.6050559790039236,1.4034703847675043,-0.3408965794450173,0.10715507283932346,-1.2792539721752665,0.582734433341948,0.5379316810203056,0.17575771270750343,0.17575771270750343,0.5379316810203056,0.17575771270750343,0.1915167891861403,0.3115167891861403,-0.044802752321642325,-0.024434837070539377
-0.4620675457186336,0.24646638476678087,1,0,0.4976864347679093,-2.993546478264613,0.5262020181238957,-0.6513742900675522,0.10016963799347375,-0.284099005360783,1.9250128017358519,0.24646638476678087,0.22751714861303354,0.7395237851266868,0.7395237851266868,0.24646638476678087,0.7395237851266868,-0.157380324701048,-0.03738032470104802,-0.01894923615374733,-0.030833690474882183
-1.208274239426054,0.4366765442198171,1,0,3.169371771817045,-15.664258686193241,1.9822603001455896,0.046513170214741384,0.06397771136885474,-0.37344296634951507,1.1060062915027862,0.4366765442198171,0.40310325605293973,1.4750773236059238,1.4750773236059238,0.4366765442198171,1.4750773236059238,-0.5894461485564002,-0.4694461485564002,-0.03357328816687738,-0.041126464579326574
-0.6049733218694675,0.12156969989370868,1,1,3.483411076109124,-3.7509975616598377,-0.32891987033337716,-0.4213372746456993,0.9785928636649645,-0.5382990953166494,-0.03775503444853058,0.1316948837159804,0.12156969989370868,0.6957476553530639,0.6957476553530639,0.12156969989370868,0.6957476553530639,-0.036036104934246416,0.08396389506575358,-0.010125183822271719,-0.028437588029269774
1.250470040231071,0.3724452633082096,1,1,-3.171152977701884,8.61599059937172,-1.5813107815109928,0.7041903451231669,1.9408669391818687,0.7212253727997919,1.461799167547305,0.4034651371585783,0.3724452633082096,0.5435723914023837,0.5435723914023837,0.3724452633082096,0.5435723914023837,0.44704784373273043,0.5670478437327304,-0.031019873850368695,-0.020607515234263022
-0.6123258893036978,0.7529218109746649,0,0,1.8306539962128654,4.8356165696661035,-0.8461021361773309,0.2363242820282007,-0.9431599243693896,-0.22776554558134285,0.7722114773525048,0.853966128514235,0.7883100924920008,0.7529218109746649,0.7529218109746649,0.853966128514235,0.7529218109746649,-0.38744437603814985,-0.26744437603814986,-0.06565603602223424,-0.035944783631206116
0.7182561254740842,0.23832091952599488,0,0,6.51744431732999,1.49489831503226,0.10182061310329862,-1.4126410226012216,-1.3150291055377534,-1.3811639314907738,0.4914525899395903,0.2752267763023959,0.2540663361680396,0.23832091952599488,0.23832091952599488,0.2752267763023959,0.23832091952599488,0.5767207391056631,0.6967207391056631,-0.021160440134356306,-0.018900856330813835
1.5172651820570402,0.10703220078039537,1,0,0.6214424026169925,4.064872054217055,2.0638945356566682,1.3624582440002129,-1.8959851991460643,1.421075938069784,0.9364004170146472,0.10703220078039537,0.0988031741301194,0.720835539569004,0.720835539569004,0.10703220078039537,0.720835539569004,1.180948698349087,1.300948698349087,-0.008229026650275972,-0.012633962067428882
-0.027577313603318894,0.26364046072178654,1,0,-0.9715008639735212,-6.699480718134805,-1.5452999455287577,-0.3032016167104975,1.0955224114958095,0.5504335109347853,-1.3090950523879856,0.26364046072178654,0.24337081886118495,0.6202126511243178,0.6202126511243178,0.26364046072178654,0.6202126511243178,0.2990525718637708,0.4190525718637708,-0.020269641860601595,-0.022744408638153857
0.99376710505628,0.1263612890768761,1,1,-5.487476741345654,12.945073706931435,0.6107421557961942,-2.1375005960805877,-0.22282217575721136,1.1379567694000488,0.018394215571319834,0.1368855503117169,0.1263612890768761,0.5449232349021409,0.5449232349021409,0.1263612890768761,0.5449232349021409,2.448645395075049,2.568645395075049,-0.010524261234840793,-0.005426299765831739
0.5310859581386753,0.32742009271100064,0,1,4.118960633100549,15.196708797147656,-0.4989375499619459,0.8893462537723492,0.9747518150865815,1.3100396928669502,0.8743424284463873,0.42023609199879497,0.3879268058657258,0.32742009271100064,0.32742009271100064,0.3879268058657258,0.32742009271100064,0.8971180457068902,1.0171180457068902,-0.03230928613306916,-0.015265708296559514
0.1164369305835328,0.042794221195048644,0,0,0.5832753333189192,1.1497770435848615,1.0813747939371465,0.7329085574375346,0.26552864911647195,0.08950899976381409,-0.237259719097402,0.14762159442223174,0.13627190689082033,0.042794221195048644,0.042794221195048644,0.14762159442223174,0.042794221195048644,0.5511967315585462,0.6711967315585462,-0.011349687531411412,-0.019225225302701227
0.7503155893169294,0.1601769314880698,0,0,-2.2118884118728164,20.34567156974034,-1.2123682930597257,-0.9553115088198088,-0.28201448193520967,0.2414521596024293,1.4408125980042632,0.3729161940922767,0.344245034598872,0.1601769314880698,0.1601769314880698,0.3729161940922767,0.1601769314880698,0.2991941678145502,0.4191941678145502,-0.028671159493404708,-0.022742261728709322
1.8399380899918536,0.11023193054405922,1,0,1.3394589259851395,-2.490284793478222,-0.04179722787551253,1.003476290877664,1.0793156564321207,-0.231446797688791,0.5946902113701839,0.11023193054405922,0.10175689697897736,0.11523847651403281,0.11523847651403281,0.11023193054405922,0.11523847651403281,1.0201470463952333,1.1401470463952332,-0.008475033565081863,-0.01406359707796612
-0.6372689125085526,0.3578845511770899,1,1,-0.2741849753322416,-9.83702589719486,-0.2435280417248615,1.3221358940784769,0.6358433382659322,-1.1904837546883553,0.16152465215384673,0.38769170601079844,0.3578845511770899,0.35788455117731055,0.35788455117731055,0.3578845511770899,0.35788455117731055,0.24660743520711037,0.36660743520711037,-0.02980715483370855,-0.023553696345223276
-0.9592009001760748,0.3679468085023473,1,0,-4.730576186681365,-7.261587670026816,1.6481121618238797,-0.18123103454670117,0.44771503009506813,0.5458788377391453,-1.0366228991646005,0.3679468085023473,0.33965771352931,0.6006097882386986,0.6006097882386986,0.3679468085023473,0.6006097882386986,0.2701132631644234,0.3901132631644234,-0.028289094973037276,-0.023187473870972523
-1.0179145456553433,0.28247561720856407,1,1,-1.284847011565893,-3.4082430478411654,0.5107079492135139,-1.3938351520346257,-0.6256241064013961,1.075722967494192,0.356756290308358,0.30600218305553945,0.28247561720856407,2.7736847161377267,2.7736847161377267,0.28247561720856407,2.7736847161377267,0.8474748126937988,0.9674748126937988,-0.023526565846975378,-0.01577938772270516
0.9944279697365547,0.01744128904581791,1,1,-6.774087220721196,18.574748222312614,-0.304477807746527,0.44646102124518744,-0.060092247755131445,0.012578502351833248,0.6568185267201376,0.01889392286691546,0.01744128904581791,0.10254473020132153,0.10254473020132153,0.01744128904581791,0.10254473020132153,0.46950233212436654,0.5895023321243665,-0.0014526338210975494,-0.020301325257456326
1.129367623128353,0.306141909519784,0,0,8.171165641979517,0.42188309739377905,-0.7273677406591319,0.040336405554690695,-0.3122681946066529,-1.5856033746002556,-0.9204557562492998,0.9294259530533772,0.8579682900195503,0.306141909519784,0.306141909519784,0.9294259530533772,0.306141909519784,0.15381309836938575,0.2738130983693857,-0.07145766303382683,-0.025056810246391392
-0.5370369333339351,0.6001329330162476,0,1,-1.3838677905711378,-6.134986074423149,1.5682064470638322,0.38472331458523407,-1.3235883014013892,-1.5403543758484106,-0.11216390011058394,0.8827893762150484,0.8149173036005727,0.6001329330162476,0.6001329330162476,0.8149173036005727,0.6001329330162476,-0.4639592491442363,-0.3439592491442363,-0.0678720726144757,-0.037825893766390686
-2.136013549439347,0.15283501118347917,1,0,-8.247106512505587,-10.563404492100075,1.5611865331764823,-0.18675813480435263,1.306999553404016,0.3519307708186574,0.47125045784589364,0.15283501118347917,0.14108449712365392,0.7908698561935311,0.7908698561935311,0.15283501118347917,0.7908698561935311,-0.2784430575626427,-0.1584430575626427,-0.011750514059825246,-0.03342541127505224
-0.6747567399230857,0.11488765295709354,0,0,-13.39124922162274,7.2289225044485494,-1.3357205093045694,0.9375229217497576,-0.3349320372736072,0.8630924536109083,-0.814169981986113,0.5005784418242776,0.46209214229674217,0.11488765295709354,0.11488765295709354,0.5005784418242776,0.11488765295709354,0.3463089027654962,0.4663089027654962,-0.038486299527535406,-0.022039033262093978
0.5478541778069962,0.26637203748298527,0,0,5.323941844297996,8.01619934157113,0.1770493475099125,0.3520029539376315,-0.15403331657586652,0.4045451930861567,-0.26639707519250877,0.3051059989341049,0.28164833499669567,0.26637203748298527,0.26637203748298527,0.3051059989341049,0.26637203748298527,0.6456026181669541,0.7656026181669541,-0.023457663937409223,-0.01805253244934628
-0.06672313898283302,0.3039002388294142,1,0,2.65404393100733,-3.6216084162131215,-0.6490597530412794,1.6054833827939645,1.0489528663614422,-0.7608647450481768,0.5684443055946129,0.3039002388294142,0.2805352781342348,0.7321469174191948,0.7321469174191948,0.3039002388294142,0.7321469174191948,0.7021413845791085,0.8221413845791085,-0.023364960695179404,-0.01738475140391082
0.18034774675536697,0.14594997951818708,0,0,2.9026581599969674,-13.093539423901127,-0.742678854701153,-1.1846846436623242,1.0338094413989762,-1.7040996256474057,0.9268559135765412,0.20105261920943263,0.185594959276075,0.14594997951818708,0.14594997951818708,0.20105261920943263,0.14594997951818708,0.012943341717047696,0.1329433417170477,-0.015457659933357626,-0.02752401311427283
-0.5233444182755979,0.2596786000690704,1,1,3.207682677254251,-9.500195692898611,-0.2527223125730585,-0.21154660308052864,0.4097512196232897,0.5811988119942524,-0.8263431768289082,0.28130646920676156,0.2596786000690704,1.0982191160177142,1.0982191160177142,0.2596786000690704,1.0982191160177142,0.41000347373192997,0.5300034737319299,-0.021627869137691158,-0.02112277987678498
1.0140891247097645,0.02492055959864186,0,1,5.559958334381761,14.721423495939195,0.7177256087500634,0.1133705380252234,-1.2560547928680381,-0.1698744835797392,1.3812790155589258,0.10883837630201794,0.10047048427857261,0.02492055959864186,0.02492055959864186,0.10047048427857261,0.02492055959864186,0.20170945816683353,0.3217094581668335,-0.00836789202344533,-0.02426936244603748
0.3431918017546363,0.13053312632862063,1,1,0.6043066551877971,5.720030587797856,1.6765947982456966,0.7173484576086773,-1.19034348816837,0.4906069024558882,0.8508609038591928,0.1414048476549764,0.13053312632862063,0.33947076116825187,0.33947076116825187,0.13053312632862063,0.33947076116825187,0.32573096045219624,0.44573096045219623,-0.010871721326355777,-0.022343461963121182
0.586463472363802,0.03191227121687205,0,1,-0.9308570482276189,1.1692362024063718,0.7257079833187221,0.7849542886879182,0.3632630792475308,-0.0724123388305437,-0.6083674959040184,0.17556485630395868,0.16206678870520508,0.03191227121687205,0.03191227121687205,0.16206678870520508,0.03191227121687205,0.7775870326368506,0.8975870326368506,-0.013498067598753605,-0.016531974715056973
0.15906568302668153,0.042737618075052095,0,1,-1.9808790625778174,13.782510424653042,-1.8979355185014963,0.33964176671335083,0.18605284365218855,0.5575758428248162,-1.3375436932928941,0.4502133252165327,0.41559927986846396,0.042737618075052095,0.042737618075052095,0.41559927986846396,0.042737618075052095,0.15195735534172747,0.2719573553417275,-0.03461404534806872,-0.02508782876384094
0.5243681636108437,0.04221590927249378,1,1,1.8935317583369418,15.170803059390703,0.6450166893150603,2.054545094620777,0.07845013077791134,-0.06166531920654083,0.309002356085701,0.045731948565031884,0.04221590927249378,0.24420282577711774,0.24420282577711774,0.04221590927249378,0.24420282577711774,1.7948464476730792,1.9148464476730793,-0.0035160392925381034,-0.008390695587999309
0.45857168818096145,0.07838660140559243,1,1,7.357464940125139,0.44368929343704233,2.032337024710338,-1.023647761699891,0.20320693339390494,-0.7996574222976441,-0.547004720844995,0.08491519158167002,0.07838660140559243,0.22078698138010402,0.22078698138010402,0.07838660140559243,0.22078698138010402,0.3859505243408704,0.5059505243408704,-0.006528590176077584,-0.021464220213207024
-0.9280746281357819,0.07086361904299797,1,0,-2.1520601988791936,-2.36985427515785,-0.04959030788193934,1.3473232416135588,1.8009906006887368,0.4481421446267063,-0.3765947230234853,0.07086361904299797,0.06541536510270671,1.0794018240733736,1.0794018240733736,0.07086361904299797,1.0794018240733736,0.8745109555800025,0.9945109555800025,-0.005448253940291262,-0.015497526314328474
0.3730630953751281,1.3086167075186015,1,1,7.874605745174133,-2.9299421314968215,2.4927388666385184,-0.4275544813295202,-0.5711359143597373,-1.7749430445787269,1.3960915692447435,1.4176075557982846,1.3086167075186015,1.927510374875148,1.927510374875148,1.3086167075186015,1.927510374875148,-0.812016783112381,-0.692016783112381,-0.10899084827968308,-0.04770481061897198
0.7915081719465198,0.03104355272687442,1,0,1.0389211315895572,-1.0368862793802496,0.968245592371294,2.417805536116446,-1.3895233522181258,1.4581708074791095,0.07013551836612739,0.03104355272687442,0.0286568109720932,0.15545975543766488,0.15545975543766488,0.03104355272687442,0.15545975543766488,2.8113342554364635,2.9313342554364636,-0.0023867417547812214,-0.004260833870298174
1.1551414661948438,0.05311260044323103,1,1,4.3460417868033465,-10.17250382137263,0.8061002168001363,-1.647777141104471,1.4680818226652972,0.7865167513318304,-0.038910034786217525,0.05753619319073944,0.05311260044323103,0.48602668835997676,0.48602668835997676,0.05311260044323103,0.48602668835997676,1.8617890490347022,1.981789049034702,-0.004423592747508406,-0.00802446518296914
0.4161071482837128,0.03594579053453497,1,0,11.564390913115364,-10.096663922139046,0.6451126876611214,-0.7654953010422492,-0.5794400855816993,-0.46344461362539624,-1.852727861690278,0.03594579053453497,0.03318214682621924,1.6122141100182252,1.6122141100182252,0.03594579053453497,1.6122141100182252,0.7773100174198129,0.8973100174198129,-0.0027636437083157286,-0.016535028069366013
-0.9652505187315361,0.28706827843523086,0,0,5.359545815877914,-14.066403119964809,0.8617584942033671,1.1915936141825663,-0.7013441497638416,0.3482030159448188,-0.2655404746292363,0.33052868965355814,0.3051164363689548,0.28706827843523086,0.28706827843523086,0.33052868965355814,0.28706827843523086,0.5741766530400974,0.6941766530400973,-0.025412253284603337,-0.018932940468203992
-0.8113173295740029,0.030249977877320228,0,0,6.511548832378688,6.5983868570263375,0.3282739620810305,-0.6275772412110292,-0.8834251560876358,1.0520748860237426,-0.06387058512449259,0.1158820703642896,0.10697263340640206,0.030249977877320228,0.030249977877320228,0.1158820703642896,0.030249977877320228,0.4327086529916828,0.5527086529916828,-0.00890943695788754,-0.020805456560795563
-0.4351480812529309,0.12343424179347255,0,1,-5.220369882676454,-12.447717241553715,2.0221089508534758,0.046309964794139964,-0.9260780403504922,1.2269408764359389,0.6308001641460198,0.1923047507353867,0.17751965889164287,0.12343424179347255,0.12343424179347255,0.17751965889164287,0.12343424179347255,0.11071812279016421,0.2307181227901642,-0.014785091843743825,-0.025787132840897863
0.18946390813652483,0.05655328287504561,1,1,9.83278244901083,14.856971731299135,0.7268728636964236,1.1906006788679186,-0.6527962938457945,-0.12725330898528756,-0.17144983148779322,0.06126343997310059,0.05655328287504561,0.43827128902847,0.43827128902847,0.05655328287504561,0.43827128902847,0.7686553203082429,0.8886553203082429,-0.00471015709805498,-0.01663070760283902
-0.12223610130759316,0.16816887153958,1,0,-0.28951821584713333,-6.10629924821831,-1.2907465369156184,-0.2635901501582435,1.3363794578768242,0.237338103793847,-1.3460613278449878,0.16816887153958,0.1552394342715806,0.36914937778027,0.36914937778027,0.16816887153958,0.36914937778027,0.29538904732064586,0.41538904732064585,-0.012929437267999389,-0.0228000263289418
-1.1237320656309138,0.09551366209564854,1,1,-3.140426762189633,11.546770021246473,-1.555839411664935,1.6647760587482714,-0.09031901025512999,-0.6474102057016173,-0.2739917648970031,0.10346871493449195,0.09551366209564854,0.5911518788014921,0.5911518788014921,0.09551366209564854,0.5911518788014921,0.19343006654495287,0.31343006654495287,-0.007955052838843402,-0.024403689858825038
-1.1297200343150513,0.29006413793643,1,0,-12.633658412047588,-4.634872732440144,-1.477307754317332,1.4230951495116198,-0.3930529375860296,1.367401527738422,0.05165171444731515,0.29006413793643,0.2677629472296664,0.44021650233182286,0.44021650233182286,0.29006413793643,0.44021650233182286,0.5046185212671559,0.6246185212671559,-0.022301190706763563,-0.019831575203915687
-2.0985217749066836,0.1352754093922076,0,1,-1.7024097648717251,-15.370357965165052,1.4295319745684398,0.2566944990430854,0.853232662869076,0.7190930460883368,0.6232910662519707,0.6804040863405173,0.6280921342491954,0.1352754093922076,0.1352754093922076,0.6280921342491954,0.1352754093922076,-0.18297836786766888,-0.06297836786766889,-0.05231195209132189,-0.031364394012560116
-3.1194749238680104,0.011711335619415841,0,1,-9.096342903506066,4.384859969718947,0.3479344771827106,-0.2328507161155849,1.9154346915728602,-0.9069369850959007,0.004307642343159692,0.6395826264775396,0.5904091773663147,0.011711335619415841,0.011711335619415841,0.5904091773663147,0.011711335619415841,-0.6917198270458939,-0.5717198270458939,-0.0491734491112249,-0.04402837329244154
-0.13178182295492516,0.10054648902477434,1,1,1.3286750221922592,10.131518879039563,0.01488587520759545,0.4024407533435215,-0.4294726458945011,0.31474630558958777,-0.16884258520296613,0.1089207112606602,0.10054648902477434,0.5787889812304119,0.5787889812304119,0.10054648902477434,0.5787889812304119,0.36409753728469585,0.48409753728469584,-0.008374222235885867,-0.021779214044919455
2.3202303751428555,0.3922860619883769,0,1,-1.6476307851921619,-1.892720496117004,-1.5819525174378992,0.009552286256846456,-1.1005653330301517,-1.734385762448901,0.13687332068938496,0.674315495731011,0.622471656731104,0.3922860619883769,0.3922860619883769,0.622471656731104,0.3922860619883769,-0.07649327263309408,0.04350672736690592,-0.051843838999906966,-0.029215028086359243
1.7967795237914266,0.14527735609112075,1,1,10.990854342484035,0.7407389019313961,0.48788334201956646,0.5266980421045764,0.5671707070196942,-1.9325890209406105,-1.3610169279074695,0.15737708107952098,0.14527735609112075,0.2874418805534493,0.2874418805534493,0.14527735609112075,0.2874418805534493,0.5996168292801615,0.7196168292801615,-0.012099724988400229,-0.01861454323272315
-0.9782314121229713,0.020317178886387243,1,1,1.5059213969434888,-8.264307029343687,1.9735214368136709,-1.0472087600770361,0.6108410311366891,-0.686937621665846,0.07967273926756446,0.022009337139262015,0.020317178886387243,1.0981584726733638,1.0981584726733638,0.020317178886387243,1.0981584726733638,-0.030270005870965483,0.08972999412903451,-0.0016921582528747724,-0.028328481902736388
0.1499032973906105,0.07277915537884762,1,0,10.761437360452538,-0.5137259334226418,-0.6332542022735941,0.5615411546196448,0.13677411731669906,-0.4482897736442336,-1.0501721196807103,0.07277915537884762,0.06718362800642706,0.7601744961137528,0.7601744961137528,0.07277915537884762,0.7601744961137528,0.3570607610395219,0.4770607610395219,-0.005595527372420556,-0.021881624373982604
-1.4645795100501657,0.11939904384370434,1,0,-6.517409504851715,-2.62987995560521,0.2677741974925111,-1.21271879904259,0.4274810421208385,2.6264849090369,1.350170051262012,0.11939904384370434,0.11021920911505806,2.2719456534062945,2.2719456534062945,0.11939904384370434,2.2719456534062945,0.8939765186826503,1.0139765186826502,-0.00917983472864628,-0.015297713556762639
-1.312109530858121,0.2679640559090027,1,0,5.427067054867103,-3.2768243117989613,0.7183478868941628,-0.08560729774114767,-1.9387526270035254,-1.3222863959001843,1.2827928561027135,0.2679640559090027,0.24736200025366273,0.7344677700446298,0.7344677700446298,0.2679640559090027,0.7344677700446298,-0.8583848689679648,-0.7383848689679648,-0.020602055655339957,-0.049202493425636
-1.1974725976303797,0.7833839165329308,1,0,-10.180747123375811,-14.667573828743715,-0.7897560801247798,-0.6992520981640467,-0.16565047568402144,-1.0620462588465547,-1.2267687345516363,0.7833839165329308,0.7231544988479324,1.0199643451242806,1.0199643451242806,0.7833839165329308,1.0199643451242806,-0.24273891210097248,-0.12273891210097249,-0.060229417684998454,-0.03263918837045958
-0.22549868444183307,0.18230458662301688,0,0,1.1678832704691402,-3.9895061337798805,-0.050474072781421825,-0.8915294546720363,-0.7410185797788948,-0.781191026147006,0.5223602138344686,0.30129978899005916,0.27813476037956775,0.18230458662301688,0.18230458662301688,0.30129978899005916,0.18230458662301688,0.06188859970949845,0.18188859970949844,-0.02316502861049141,-0.026640394545045545
-0.18245961021197618,0.2210764667535665,0,0,-3.0521311395076527,4.737237471944576,-0.23212569049535728,-0.17857196789385368,0.5969458973088833,-0.14203960823294015,-0.27825376845717287,0.25554723248719474,0.23589982758279543,0.2210764667535665,0.2210764667535665,0.25554723248719474,0.2210764667535665,0.2120744933170695,0.3320744933170695,-0.019647404904399313,-0.02410223866244088
0.25270197080685886,0.09236675207100031,1,1,-2.4833632662241105,-1.2095756887092182,0.47045035557017084,0.668197843557631,-0.14707349950860418,0.0806077756205216,-0.781790229733328,0.10005970800165383,0.09236675207100031,0.237707591415103,0.237707591415103,0.09236675207100031,0.237707591415103,0.6720948982570462,0.7920948982570462,-0.007692955930653514,-0.017736496339438558
0.6632163897042829,0.31286088776788273,1,0,-1.4689207690128085,-1.6577884305457318,-0.8606830431645255,0.7691475019668077,0.4449420625446217,0.4552984384165761,0.28085434872552223,0.31286088776788273,0.2888069996435672,0.31594098430724793,0.31594098430724793,0.31286088776788273,0.31594098430724793,0.6026394626962981,0.7226394626962981,-0.024053888124315526,-0.01857707104003614
-0.33688092339515835,0.12139407869770966,0,0,-5.119150757026009,-8.071190171196235,0.04620327581495357,0.6964118908227692,0.9351087610227838,0.9112280051906476,-0.10077791594598683,0.4412578716913854,0.4073323543300946,0.12139407869770966,0.12139407869770966,0.4412578716913854,0.12139407869770966,0.6591162136453663,0.7791162136453663,-0.03392551736129079,-0.017890626441258013
0.036201970662628064,0.1649734686601089,1,0,-6.154399132357567,-4.893667324125913,1.386992729908838,0.22846068173232117,0.6323761925657985,0.28208789083487973,0.2470067074841741,0.1649734686601089,0.15228970564024988,0.996323796598663,0.996323796598663,0.1649734686601089,0.996323796598663,0.3051256444726048,0.4251256444726048,-0.012683763019859018,-0.02265250917099846
-1.0938125066902094,0.14976394418196728,0,0,-2.969917879806117,7.896926709225475,-0.7357519902503197,0.701350838344826,2.845294394907639,-0.3747950747900833,0.07099471542494816,0.32802093183761777,0.3028014841362814,0.14976394418196728,0.14976394418196728,0.32802093183761777,0.14976394418196728,-0.047632042564374866,0.07236795743562513,-0.025219447701336384,-0.028658280306228336
-1.3444970242571812,0.129854912688682,1,1,-0.7378968513613865,-10.682095885450096,-0.4462052643472624,-0.48801990156193453,1.5444494781186728,-0.6729710177274647,-0.4740804733663613,0.14067014758971005,0.129854912688682,2.698466686410829,2.698466686410829,0.129854912688682,2.698466686410829,-0.1948669221338833,-0.0748669221338833,-0.010815234901028065,-0.03161396659199771
-1.4989723460483098,0.13526634897273124,0,1,4.344616262628019,3.709425221192048,-1.5874928237313013,-0.7576117245422473,-1.7083998929533477,0.6318046992119288,2.7996972218373095,0.6189384686008145,0.5713522177729234,0.13526634897273124,0.13526634897273124,0.5713522177729234,0.13526634897273124,-0.9683310281541703,-0.8483310281541703,-0.04758625082789103,-0.05294437007324409
0.6492478011282274,0.06496405561589516,1,0,4.038970841184972,1.3623798480934328,-0.36667879365052214,-1.6667579329902373,0.8999996644297332,-0.7269249589301569,1.2993469305535403,0.06496405561589516,0.05996938166660335,2.1531349621379445,2.1531349621379445,0.06496405561589516,2.1531349621379445,0.9361804485571096,1.0561804485571096,-0.00499467394929181,-0.014873296490802969
-0.33790784808824337,0.17042007778645085,0,1,5.1233537416456105,1.0456107474116283,-0.2820290477899447,-0.6318156890827807,-0.17795755574568647,0.7577767609361872,-0.22742063075565644,0.2224679330640026,0.20536378555822873,0.17042007778645085,0.17042007778645085,0.20536378555822873,0.17042007778645085,0.4908222872334679,0.6108222872334679,-0.017104147505773853,-0.020014817297604993
-1.871120262824403,0.14696523064930622,1,1,-10.717924730223789,-7.936519306181286,-0.49672470279370545,-0.1988316029788718,-1.271855184500885,0.39703160229398016,-1.7867265938449102,0.1592055337602609,0.14696523064930622,1.6418659719869877,1.6418659719869877,0.14696523064930622,1.6418659719869877,-0.024562860174879048,0.09543713982512095,-0.01224030311095467,-0.028220903505331154
-0.06308895268360971,0.10937273127325348,0,1,-2.4364002784845473,-2.9873251762324347,-0.44412145436551537,0.7593852088307432,0.3030482829327168,0.5903205729863903,-0.06504567271880911,0.13107658619224233,0.12099893934261567,0.10937273127325348,0.10937273127325348,0.12099893934261567,0.10937273127325348,0.5571641944063758,0.6771641944063758,-0.010077646849626656,-0.01914889336089521
-1.2488213317860835,0.38577754046343343,1,0,1.0616489327823468,-2.5184640184004983,1.1697461809855167,0.924699196769792,0.44614100424767456,0.927545777313543,0.7504235544035768,0.38577754046343343,0.35611755367062714,0.39646249188625726,0.39646249188625726,0.38577754046343343,0.39646249188625726,0.33492421847486825,0.45492421847486825,-0.029659986792806292,-0.02220694127313928
1.6603788189729718,0.17367566817016858,1,1,5.207486081409042,-1.6439612969559243,-0.43946351334689027,-1.3438989116913336,0.42036212584262383,0.5460892308314287,1.0904719911385654,0.18814060529855103,0.17367566817016858,2.150805452529838,2.150805452529838,0.17367566817016858,2.150805452529838,1.291084216263325,1.4110842162633248,-0.014464937128382455,-0.011739566767276397
-0.5788217215868263,0.0652080540174875,1,0,-4.87200362095885,1.3937420349503573,-0.9363212750452935,-0.9064310592771633,0.45990026630777037,-0.07116698885308664,-1.8857616105711281,0.0652080540174875,0.06019462057960544,0.19846094041543635,0.19846094041543635,0.0652080540174875,0.19846094041543635,0.4789068459733249,0.5989068459733249,-0.005013433437882062,-0.02017444070591316
0.6815059858191213,0.170674613371577,1,0,6.299228527312907,4.205010767036783,0.37510816375419076,-1.8524229149889546,-0.9452565518733762,1.3516813728601071,1.8248790178071153,0.170674613371577,0.15755252551652182,1.8714286453101352,1.8714286453101352,0.170674613371577,1.8714286453101352,1.659623054880239,1.779623054880239,-0.01312208785505517,-0.009182250732053239
1.0889630273849873,0.09721133885168176,1,1,-0.9761140361961513,16.925473283047666,-1.2156563684719617,-0.3293915374126943,0.04262252307870598,1.781226927581568,-0.49286894782440155,0.10530778620939511,0.09721133885168176,0.22867787000878786,0.22867787000878786,0.09721133885168176,0.22867787000878786,0.9809141995342876,1.1009141995342877,-0.008096447357713352,-0.01443628635266403
-0.9549284525570413,0.2907472386671362,1,0,-6.461823066873509,0.44266184558081356,-0.4768840230332781,1.5487255584628619,-0.374789152718258,0.7222017089664575,-1.4771429651124275,0.2907472386671362,0.26839352868040994,0.29335081477563374,0.29335081477563374,0.2907472386671362,0.29335081477563374,1.136135575909517,1.256135575909517,-0.022353709986726256,-0.013017101657018238
0.07604711755470782,0.06311115408202765,1,1,2.7169821375857017,-13.914239410306452,-0.17123274409232622,-1.6595968383264046,-1.0554337809557044,0.8392013551522634,-0.04990539108671263,0.06836749704310222,0.06311115408202765,0.24685517445191435,0.24685517445191435,0.06311115408202765,0.24685517445191435,1.3798368873881006,1.4998368873881005,-0.005256342961074564,-0.011065105013137825
0.5534679013881464,0.1447967824572404,0,1,1.4765191478389574,9.405045922389558,-0.31910574055297464,-0.7487496239809176,-0.22065607324128275,0.30111316710069364,0.9829162064617618,0.3838964556055086,0.3543810934893364,0.1447967824572404,0.1447967824572404,0.3543810934893364,0.1447967824572404,0.4666255626777687,0.5866255626777688,-0.029515362116172228,-0.02034029743832139
0.11554617241010676,0.3971564658654401,1,0,-1.157789167063352,-1.0921894633533156,-2.6251466840968023,-0.8317611742628097,0.15909624218900573,-0.09886311596228586,0.403376242526725,0.3971564658654401,0.36662162571353374,0.5297273843137178,0.5297273843137178,0.3971564658654401,0.5297273843137178,-0.641753310938849,-0.521753310938849,-0.030534840151906384,-0.04258590214373036
0.3611007593098181,0.22130374905177094,0,0,-1.7523803308588302,15.660070633784619,0.26754028612655384,-0.30486786299340723,-0.5268531959871771,-0.2455014897355009,1.1487423498227427,0.2578891107176933,0.23806165365861565,0.22130374905177094,0.22130374905177094,0.2578891107176933,0.22130374905177094,0.10025687592896754,0.22025687592896753,-0.01982745705907768,-0.02596760513948263
-1.3296293935591537,0.08311616537128153,0,1,-7.249835613727136,8.149462441323365,-0.7320079329057144,-0.06280672314395548,0.18334221399842102,1.560350929874458,-0.30030825823631324,0.47443941579644594,0.4379627800918251,0.08311616537128153,0.08311616537128153,0.4379627800918251,0.08311616537128153,0.2089990968916383,0.3289990968916383,-0.03647663570462084,-0.02415170531405223
0.5540362197145243,0.13763621431807282,0,1,-1.9035026431083388,-2.8560428141391183,0.9588066560109609,1.2319794032650222,-0.06375426499064825,-0.2107189790767625,-0.3290536720482161,0.1708658163039725,0.15772902806889316,0.13763621431807282,0.13763621431807282,0.15772902806889316,0.13763621431807282,0.9340786768314299,1.0540786768314299,-0.013136788235079327,-0.01489415128074826
-0.48616419417270906,0.06335955983609247,1,1,3.8378841247558366,4.370468194360784,-0.25582313424258235,0.8542398605768328,0.2310099772555139,0.2352897091698694,-1.125223510379835,0.06863659178401667,0.06335955983609247,0.4167732077511438,0.4167732077511438,0.06335955983609247,0.4167732077511438,0.5935956799517064,0.7135956799517064,-0.005277031947924199,-0.018689414031266675
0.3494512232841407,0.0955314887303201,1,0,1.5656102282480735,-3.2457295348473965,-0.9674900773752345,2.14344682477698,-0.1778257252886896,-0.7747719955783602,1.4310991655892973,0.0955314887303201,0.08818667884160916,0.2450726976818631,0.2450726976818631,0.0955314887303201,0.2450726976818631,1.193200513430768,1.3132005134307678,-0.007344809888710932,-0.012531189710099372
0.9199888455514643,0.009372984255805019,1,1,5.5984035957764915,1.5588005270352994,0.2818085486835521,0.5781549168645216,-0.1380470752815336,-0.31867309057680415,-0.16958637249729036,0.010153632629834571,0.009372984255805019,0.4841076674314107,0.4841076674314107,0.009372984255805019,0.4841076674314107,0.6004799462617971,0.7204799462617971,-0.0007806483740295522,-0.018603835294839895
0.6688085075182737,0.09184888086865363,1,1,3.582180856985761,5.222734458915985,-1.3827381702986268,-0.08792740941989748,0.29603307704261733,1.8504632338437539,0.0859990650052155,0.09949870482543038,0.09184888086865363,0.3240957760169869,0.3240957760169869,0.09184888086865363,0.3240957760169869,0.6708015801485747,0.7908015801485747,-0.007649823956776755,-0.017751795555339525
0.3487197254894737,0.2196842867206271,1,0,-1.4762957240242343,7.494107775190608,-2.334177042210305,-0.09398543278462142,2.739504133108306,0.8663662349850397,-0.8108889438085887,0.2196842867206271,0.2027941561160994,0.7322854896235987,0.7322854896235987,0.2196842867206271,0.7322854896235987,0.07997814284990767,0.19997814284990767,-0.01689013060452768,-0.02632104897628563
0.6421282961845167,0.14375284009348016,0,1,-7.0087202564493305,8.128575423347499,0.5911065144305567,-0.7420134248897403,-1.3538075195468575,-0.3483693632340722,0.09152643923886121,0.20313441922477946,0.18751670290014963,0.14375284009348016,0.14375284009348016,0.18751670290014963,0.14375284009348016,0.46147253209835964,0.5814725320983596,-0.015617716324629827,-0.02041029371693272
0.6884110538887852,0.05869028406990896,1,0,-2.245578351406343,1.9246931616574487,-1.8721555024333958,-1.1491592905386359,0.010335563182354726,-0.40817317598895414,0.39481127114609077,0.05869028406990896,0.05417796059900814,0.3707599689479683,0.3707599689479683,0.05869028406990896,0.3707599689479683,0.13947118171917317,0.25947118171917316,-0.004512323470900824,-0.02529753435024419
1.495501161383926,0.07567661827715337,0,0,-2.2396053674287986,20.285088842234526,-1.2146683273085614,0.7141137485533007,-1.183759097060195,1.64273430193763,-1.7157582843783166,0.12034210850070538,0.11108976751563525,0.07567661827715337,0.07567661827715337,0.12034210850070538,0.07567661827715337,1.356228416540179,1.4762284165401791,-0.009252340985070134,-0.011240636203420423
-0.03405069946277105,0.34545705338919136,1,0,-2.9389048764459034,-3.3447463666851442,-1.0925542703834126,0.4173708030318292,1.6642332514976381,0.31504303611617074,0.5628579201823911,0.34545705338919136,0.3188970529581234,1.2058700799712152,1.2058700799712152,0.34545705338919136,1.2058700799712152,0.12517809882664158,0.24517809882664157,-0.026560000431067987,-0.025539739641360814
0.16395699344238868,0.08435043035231704,1,1,5.015346066487607,-10.970106429077072,0.01753690167305848,-1.0263984541151934,-0.4901383482393793,-1.2119097199812767,-1.2787099677768716,0.09137573035348234,0.08435043035231704,2.8471174508472967,2.8471174508472967,0.08435043035231704,2.8471174508472967,0.5050831619976015,0.6250831619976015,-0.007025300001165302,-0.019825433116860317
0.9320668089761116,0.039541130812829145,1,1,6.867429094961829,-8.618328256441062,0.40174891931974643,-1.1231779820879617,0.3195540067233614,-1.3018227522210977,0.29638302011675466,0.04283439565078163,0.039541130812829145,0.23825961502830828,0.23825961502830828,0.039541130812829145,0.23825961502830828,0.5643415383820622,0.6843415383820622,-0.0032932648379524823,-0.019057486757900248
-0.490387609763513,0.14632158787964913,1,0,8.912107094197044,9.49289918473356,-0.4886825689629625,1.4066155336506445,0.32371889557906497,1.2357828929941415,-0.7556467164251925,0.14632158787964913,0.13507184960095275,0.20460408678615527,0.20460408678615527,0.14632158787964913,0.20460408678615527,1.2022713824620865,1.3222713824620866,-0.01124973827869638,-0.012455639189515528
-1.3352674726779856,0.09780093138368583,0,1,-5.551584629329582,-2.3658679367347495,0.056143340244167284,-0.9810871581162783,-0.4136052427444181,-0.2621042227446291,-0.7258582206871392,0.5525431155185029,0.5100615820185291,0.09780093138368583,0.09780093138368583,0.5100615820185291,0.09780093138368583,0.20153971700612855,0.32153971700612854,-0.042481533499973745,-0.02427210894126648
0.49323017458277063,0.2007683668127593,1,1,8.99101566675999,3.3413574197646607,-1.215502858845695,-1.4135173236526528,-2.339748115707397,-1.0563464635034578,0.6274938966718445,0.21748977536648453,0.2007683668127593,0.40637390959275055,0.40637390959275055,0.2007683668127593,0.40637390959275055,0.21473820678623323,0.33473820678623323,-0.016721408553725225,-0.024059475671289056
-0.2060236846159446,0.15774301606145202,1,0,8.99089839522358,-4.5568234234409735,-1.598498532013283,-1.368122846253305,1.790898571232915,-0.636496049848254,0.3210460091648358,0.15774301606145202,0.145615156654656,1.7393773939874557,1.7393773939874557,0.15774301606145202,1.7393773939874557,0.1914849894251336,0.3114849894251336,-0.012127859406796032,-0.02443535509068305
-1.2075274117343677,0.1553709354896657,0,0,-4.309176070040921,-4.612033963611002,0.6423171465004947,0.6625261297812802,-1.5223142306080597,-0.23105967989949022,-1.6182272695183921,0.34417209595299525,0.3177108877443596,0.1553709354896657,0.1553709354896657,0.34417209595299525,0.1553709354896657,0.2098352922948705,0.3298352922948705,-0.026461208208635623,-0.02413824536947284
0.5005419293798373,0.10498466506995403,1,0,2.52602651818964,-4.549102002461428,2.4463178589103234,-1.5948752640156,-1.0478402188698202,-1.0406008548415047,-1.4966604767228804,0.10498466506995403,0.09691306044600063,0.2821761132767198,0.2821761132767198,0.10498466506995403,0.2821761132767198,0.7703727975830911,0.8903727975830911,-0.008071604623953399,-0.016611676591779506
1.4311330150292483,0.05296707285876,1,0,6.042796062348223,6.13220584059446,1.3525939097565454,2.422447901083496,-0.4757491193126174,-1.32042314684441,-2.236925498726021,0.05296707285876,0.04889477077617326,0.28899578805652354,0.28899578805652354,0.05296707285876,0.28899578805652354,2.5752428765079043,2.6952428765079044,-0.004072302082586736,-0.00498712273847434
-1.629742546289086,0.36796692100762834,0,0,-2.6265962969711523,-2.971509323305686,-0.24410871852210148,-0.31636542316144384,-0.6512961263601446,0.2213752539762284,0.3951731428154863,0.5517228166375039,0.5093043507125564,0.36796692100762834,0.36796692100762834,0.5517228166375039,0.36796692100762834,-0.3004982573624357,-0.1804982573624357,-0.04241846592494747,-0.03392051161705521
1.0223249952164812,0.13336132443685061,1,1,0.5062866616159228,4.8285720645696015,0.32308325793790066,-0.3161248719684872,-1.101621829574262,0.6658330978067158,0.012513759421530454,0.1444685980904447,0.13336132443685061,0.548032965571549,0.548032965571549,0.13336132443685061,0.548032965571549,0.757133998423648,0.877133998423648,-0.011107273653594096,-0.016758937923658474
-2.5370675157456817,0.5192127613701192,1,1,-7.744757341441485,-0.2940104420945926,0.8883575248346502,0.7900755494722314,-1.4217620690471156,-1.4342222074576032,-0.7555407187405284,0.5624564697640543,0.5192127613701192,0.8402474077922818,0.8402474077922818,0.5192127613701192,0.8402474077922818,-0.5685737912918487,-0.4485737912918487,-0.0432437083939351,-0.04055815688177318
-0.4002866301815139,0.12361743204879513,1,0,-11.916623988898978,-4.185527449280237,-1.056265408290668,0.7552517759761007,0.35130967598791774,1.0991839937853107,0.3964868174109183,0.12361743204879513,0.11411327222258198,1.2749748070729898,1.2749748070729898,0.12361743204879513,1.2749748070729898,0.33324580269875587,0.45324580269875586,-0.009504159826213152,-0.022231803500644878
1.8405159122425798,0.1714898784622739,0,1,3.160502865093222,-8.080839513703088,0.20864958187336902,1.1997297803441704,0.4697273397350485,0.0681009634377188,1.4804530339306854,0.6316849137434518,0.5831186696424124,0.1714898784622739,0.1714898784622739,0.5831186696424124,0.1714898784622739,1.069501615389616,1.189501615389616,-0.04856624410103938,-0.013608391783565932
-0.3283240485128667,0.1266710552580838,1,0,-3.7213032447560184,-11.783491376685742,0.11518088315279006,-0.30434060491792164,-0.8378232587776496,0.7030254590454112,1.2370505418424689,0.1266710552580838,0.116932121722782,0.25801962159015207,0.25801962159015207,0.1266710552580838,0.25801962159015207,0.11873890874180903,0.23873890874180903,-0.009738933535301808,-0.02564961212808696
0.08993839582099193,0.2761206514770802,1,0,-6.126774918083328,23.16331962626999,-0.05058740143343007,1.3079156237798386,-1.970015031971576,-0.0554533748079148,-0.04009491210443619,0.2761206514770802,0.2548914869534199,0.3424096718010055,0.3424096718010055,0.2761206514770802,0.3424096718010055,0.7233948359779507,0.8433948359779507,-0.021229164523660304,-0.017140164289916292
0.7628662007735552,0.010519099485947163,1,1,2.351714864078538,12.315324132652734,-0.726994372407347,2.383861037981873,-0.06619263268876116,-0.4077307716044333,0.02596211343350502,0.011395204436712866,0.010519099485947163,0.05849755430376102,0.05849755430376102,0.010519099485947163,0.05849755430376102,2.148359462956206,2.268359462956206,-0.0008761049507657031,-0.006628961002071762
-1.7164735140606524,0.2675551001311339,1,1,-8.59300368485601,7.298561636225566,-2.0028137385258296,-0.7598679253449151,0.9832399694454041,-0.6289453549327747,-0.8288751628002715,0.289838979862536,0.2675551001311339,0.33996915459683047,0.33996915459683047,0.2675551001311339,0.33996915459683047,-0.8058273383120296,-0.6858273383120296,-0.022283879731402056,-0.04750837198502641
0.07209480083975534,0.3007235724566876,1,0,3.224802696872509,-4.963757721585594,1.3095256365144003,1.340254400951829,0.5169904721611418,-0.4551173340386673,-0.23947106511632352,0.3007235724566876,0.2776028454785541,0.3598821109781639,0.3598821109781639,0.3007235724566876,0.3598821109781639,0.7805301803901219,0.9005301803901219,-0.0231207269781335,-0.016499569154078155
0.06421307196130824,0.022056577201123105,1,1,2.477134264525765,0.8124581991844775,-0.804149961574959,-0.9947731190286448,-1.0444164883084324,-0.6180544067852075,-1.034720990684745,0.023893604839150994,0.022056577201123105,1.19620131720507,1.19620131720507,0.022056577201123105,1.19620131720507,0.3837614107297069,0.5037614107297068,-0.001837027638027889,-0.021495568160130034
1.8623209732487398,0.15253126550434484,1,0,0.6594728967001082,-3.882103452867386,-1.563705118543149,0.21940266975390574,0.23459558089343707,1.7007927584283167,-0.6683383683547026,0.15253126550434484,0.14080410452210068,0.28197510040244916,0.28197510040244916,0.15253126550434484,0.28197510040244916,1.0808394392424119,1.200839439242412,-0.011727160982244161,-0.013505919841732385
-1.2357408309978233,0.2773151457488216,1,1,-2.306362048291981,-11.692285716708067,0.29610058962327057,0.31271257927480167,-0.2538375611255331,0.7443335887496761,0.7752291868507144,0.3004119110600947,0.2773151457488216,1.1499713539275556,1.1499713539275556,0.2773151457488216,1.1499713539275556,-0.003906638372836002,0.116093361627164,-0.023096765311273082,-0.027834942276710697
-0.38153931645012157,0.04313105472171129,0,0,-6.334995192410082,-4.276403563890098,0.32741109519753997,-0.25563970504779554,-0.35753010855453504,-1.3677538987970592,-0.8059177786176916,0.08919723653672962,0.08233942709957039,0.04313105472171129,0.04313105472171129,0.08919723653672962,0.04313105472171129,-0.10463867162571158,0.015361328374288413,-0.006857809437159232,-0.02976838239199727
-0.9283557908236156,0.04167003181629864,1,1,2.405125543180594,7.680821536941451,-0.6220075239016879,-1.123971762429434,0.43992396668766426,1.19662786898701,-0.9080624323291501,0.045140606576200386,0.04167003181629864,0.20893484445726773,0.20893484445726773,0.04167003181629864,0.20893484445726773,0.808817488171403,0.928817488171403,-0.003470574759901743,-0.0161913324240624
-1.0344118036913794,0.19000702237662895,1,1,-0.02155087849319448,5.016651153647231,0.28344143574463715,-1.0341111395297102,-0.30492217093916213,-0.6903295791777758,0.6018956486064415,0.20583215010802858,0.19000702237662895,2.4775528988495847,2.4775528988495847,0.19000702237662895,2.4775528988495847,-0.02188858589859377,0.09811141410140622,-0.01582512773139963,-0.028170634705300686
1.1274027270645783,0.017611653728219556,1,0,2.2732495849280143,-5.064014734739919,-0.6787881738421783,1.0116604137066467,-0.24572077366219902,-0.6496037095948308,-1.253305262345163,0.017611653728219556,0.016257605443420614,0.16088075555862355,0.16088075555862355,0.017611653728219556,0.16088075555862355,0.857866048013008,0.977866048013008,-0.0013540482847989414,-0.015670453923251927
0.02665150200081768,0.20686171679949503,1,1,2.1343435347982402,-3.2369025923281223,0.2532045102953498,0.8952184022261802,0.2733212565368742,2.238831666414424,1.4297874524704182,0.2240906226059327,0.20686171679949503,0.5766542294593395,0.5766542294593395,0.20686171679949503,0.5766542294593395,0.9753637657137064,1.0953637657137065,-0.017228905806437683,-0.014489803741184776
-0.5555671964265207,0.6659935479238552,1,0,-2.9920135213720105,4.933377038843034,-0.3075277647170156,-0.31802743380706927,0.4696967194853532,-0.8380191804256851,1.1662883065324867,0.6659935479238552,0.6147895306765422,2.708839962188474,2.708839962188474,0.6659935479238552,2.708839962188474,-0.38658253957993544,-0.26658253957993544,-0.05120401724731305,-0.035924137213042
-0.5178459011425355,0.5495751886336159,1,1,-8.285262915621217,-5.96599209033005,0.3616005218435837,0.2564589108585328,0.6869536677708163,1.722829883369059,0.17095535218750518,0.5953476945618218,0.5495751886336159,0.6427708918944158,0.6427708918944158,0.5495751886336159,0.6427708918944158,0.6652424612822443,0.7852424612822443,-0.04577250592820592,-0.017817707177801328
-0.563227076945396,0.24705239982411462,1,0,3.432668040981677,-0.44834457723625,-0.11304037087138435,1.5087196233225784,0.9675504159911353,-0.3209798403837223,0.005186448659020086,0.24705239982411462,0.22805810869168705,0.814478233190807,0.814478233190807,0.24705239982411462,0.814478233190807,0.7813669458884988,0.9013669458884987,-0.018994291132427565,-0.016490367540710094
-0.4738031774076939,0.2938608545308985,1,0,1.9657901541727063,3.3298628457805224,0.19538091593879858,0.36181294460498287,-1.356599850939114,-1.5424846078015602,-0.8873900220024538,0.2938608545308985,0.27126775838061773,0.5973844030199233,0.5973844030199233,0.2938608545308985,0.5973844030199233,-0.21779967680126178,-0.09779967680126178,-0.022593096150280767,-0.03210101041743222
-1.2644453442892645,0.546174848312237,1,0,-3.6668855989461138,0.8995102840256763,-0.9647384430113423,-0.6438240139725026,0.6347106420900043,-0.16892915632473834,0.19639460501018827,0.546174848312237,0.5041829304622673,1.111041873676311,1.111041873676311,0.546174848312237,1.111041873676311,-0.29645574423776583,-0.17645574423776583,-0.041991917849969695,-0.0338292186144263
-0.25872954256520014,0.20595248521148535,1,1,1.8502174126974535,1.079400794202412,-1.2243034100422616,-0.46164220292094515,0.5872576617448404,0.5949524581768018,-0.7245738281879079,0.22310566378512023,0.20595248521148535,0.5244855136354645,0.5244855136354645,0.20595248521148535,0.5244855136354645,0.2694599945483643,0.3894599945483643,-0.01715317857363488,-0.023197574502931924
-0.3592066916521446,0.2317337818379471,0,0,4.533167139580085,-5.0331342428039685,0.1616623863795536,2.198847853482332,-0.017597929255638137,-0.6931869461424454,-0.17376238936216024,0.286997918518299,0.2649324699631815,0.2317337818379471,0.2317337818379471,0.286997918518299,0.2317337818379471,1.6060682951644845,1.7260682951644846,-0.022065448555117495,-0.009516008879078677
-0.7577967064033425,0.4567572621186428,0,0,4.2722800138727175,-4.637686646560033,0.09217710752683304,-0.1511683806905494,-0.03135470067650179,-1.4434467969368396,-0.9626304750859512,0.4779627650133041,0.4412152413479354,0.4567572621186428,0.4567572621186428,0.4779627650133041,0.4567572621186428,-0.22961287122120416,-0.10961287122120417,-0.03674752366536871,-0.03235481885316269
0.15504625630497473,0.1425026386437314,1,1,-2.4637833812932937,-7.8010818527478785,-0.14933523707149754,-0.1652679700224367,-0.5661892748600006,-0.17701358607643694,0.06101485541420536,0.154371265552312,0.1425026386437314,0.5102395158627981,0.5102395158627981,0.1425026386437314,0.5102395158627981,0.19147319232278226,0.31147319232278226,-0.01186862690858062,-0.024435547269028763
0.2398894801181584,0.5086711429492768,0,0,-6.484942187042955,-11.092228394584154,0.8894134565245253,-0.09921173522605088,0.3991032052982532,-0.541600301433921,0.5720957235984819,0.645393721604479,0.5957734942684001,0.5086711429492768,0.5086711429492768,0.645393721604479,0.5086711429492768,0.09787098813857192,0.21787098813857192,-0.04962022733607896,-0.02600894186706417
-0.5566472142917076,0.11992323280577373,1,1,-7.519702774498854,-2.2137044568688955,0.3757302976123567,0.8658170031798195,0.7134604624444878,0.5887356228811461,-0.09841740865778026,0.129911287212268,0.11992323280577373,0.4459862189448234,0.4459862189448234,0.11992323280577373,0.4459862189448234,0.5953820170804841,0.7153820170804841,-0.009988054406494265,-0.01866717021608046
-0.14413415076625494,0.02461899584658202,0,0,-2.2293964859397795,6.294026237226941,0.24493922704446816,1.0635089284515264,-0.6520745694027944,-0.6284077786968656,0.18143139795036198,0.13269550084704,0.12249338592386431,0.02461899584658202,0.02461899584658202,0.13269550084704,0.02461899584658202,0.3461096734741329,0.4661096734741329,-0.010202114923175673,-0.02204196067048424
2.158623726900857,0.09281424886628217,1,1,9.70990688196994,-7.014816285319736,0.41527969026545347,-0.8241064992640045,-0.07476256341330836,-0.09399877422878479,-2.2152801156034707,0.10054447549280868,0.09281424886628217,0.6522114815252242,0.6522114815252242,0.09281424886628217,0.6522114815252242,1.4991168057847417,1.6191168057847416,-0.007730226626526504,-0.010219283947018768
2.1204332586021373,0.03596464986557178,1,0,-0.909734757278784,4.608260714170887,-0.21959398925875973,-0.1573178328484663,-0.16029294282301915,1.4159142745772682,-1.2157982985088753,0.03596464986557178,0.033199556182981226,0.13770263119630255,0.13770263119630255,0.03596464986557178,0.13770263119630255,1.5009273236176242,1.6209273236176243,-0.0027650936825905567,-0.010206956590931163
-1.0540901901297357,0.01278209926270421,1,1,-3.3400790252084946,4.5311733516204455,-0.8246225712046127,-2.612195798319334,-0.4809166661741407,-0.39564355412600094,-0.5099771763342562,0.013846682829025094,0.01278209926270421,2.134680803344575,2.134680803344575,0.01278209926270421,2.134680803344575,1.9768489266208111,2.0968489266208112,-0.0010645835663208834,-0.007431951219184365
-0.9144475665885586,0.6734301905382571,0,0,-4.494396971662982,-14.7776187105717,1.10767733948376,0.8606175223369632,0.07785672426730414,-0.37061305353986224,1.0261896681068639,0.9410322093590492,0.8686822149356693,0.6734301905382571,0.6734301905382571,0.9410322093590492,0.6734301905382571,-0.07083293077416064,0.049167069225839355,-0.07234999442337986,-0.029104991134930258
-1.0594032769919965,0.24864560519086457,1,0,-3.917479405988436,-2.726991206359957,-0.01975785983585163,-0.8182700389184578,-1.7162486774845516,-0.44131449389568267,0.7546436171726086,0.24864560519086457,0.2295288226088848,0.5537137507403868,0.5537137507403868,0.24864560519086457,0.5537137507403868,-0.23614597101089813,-0.11614597101089813,-0.01911678258197977,-0.03249604435016633
1.0570539399722392,0.17189644784355523,0,0,1.180987775463837,14.283169996379975,2.2765386895430897,0.06161034618947592,-0.7653555151203043,-1.184965208284214,0.5519548963055988,0.6150435699235179,0.5677567731363913,0.17189644784355523,0.17189644784355523,0.6150435699235179,0.17189644784355523,-0.28142283246490146,-0.16142283246490147,-0.04728679678712666,-0.03349187740564058
-0.39852929957569416,0.02000021711462194,0,0,-6.463941906965983,3.1348927472938595,-1.7646160523842684,0.5503451014048882,0.8177116062629123,0.43627945323286405,-0.21966167193855743,0.4039969600646761,0.37293619772621145,0.02000021711462194,0.02000021711462194,0.4039969600646761,0.02000021711462194,-0.12468564024954512,-0.0046856402495451255,-0.031060762338464665,-0.030168896681563414
0.23967424359629974,0.1196569820075845,1,1,4.631610819927744,-13.937732618840268,0.5649406535468146,0.17093837112829996,-0.7781238418605918,1.8504123223750257,-0.3516793796105163,0.1296228611658315,0.1196569820075845,0.26729333712925957,0.26729333712925957,0.1196569820075845,0.26729333712925957,0.9415110344592631,1.061511034459263,-0.009965879158246996,-0.014820534707008837
1.9969673332808837,0.021314550975482814,1,0,3.2837919806415865,6.633454407611779,0.7757523004499094,-2.4186142826957147,1.276470882780929,1.4687637446545818,0.029833787126638218,0.021314550975482814,0.0196758104213594,1.1002728072635208,1.1002728072635208,0.021314550975482814,1.1002728072635208,3.3172266148821885,3.4372266148821886,-0.0016387405541234135,-0.0030410514044897255
-0.010464794310462442,0.07414917672725364,1,1,10.870587873646976,-5.586143359590211,0.5587710347377585,0.5585151816075627,-0.6427835696407243,0.5471223054393403,-0.8086304698725554,0.08032484422737889,0.07414917672725364,0.10373640278282577,0.10373640278282577,0.07414917672725364,0.10373640278282577,0.6601029324252117,0.7801029324252117,-0.006175667500125243,-0.017878861633139436
0.7062487217573207,0.10853622057028306,1,1,-4.728132665750856,6.108589475282941,-0.6087569236453261,1.1269431432122987,0.9746576907002027,-0.7063755021157926,-0.7335763435010406,0.11757588411810443,0.10853622057028306,0.45577173016470923,0.45577173016470923,0.10853622057028306,0.45577173016470923,0.7839127758440644,0.9039127758440644,-0.009039663547821375,-0.01646240349688063
0.5204207493003932,0.12279535416905993,1,0,8.092219880105269,-3.953674197037075,-0.6455966024576721,0.7326395664654908,-0.9999847808103971,0.3567126390359526,0.7468468106342946,0.12279535416905993,0.11335439869379554,0.2456842619837973,0.2456842619837973,0.12279535416905993,0.2456842619837973,0.3923040642573209,0.5123040642573209,-0.009440955475264384,-0.021373496634207154
-0.5882173516959495,0.08107456468362348,0,0,4.949624100926016,-1.09679946873342,-0.08824545029310012,1.0100636968649277,-0.30431016948979245,-0.2138556009939144,-0.9772462311318565,0.18445504875919666,0.17027347068315837,0.08107456468362348,0.08107456468362348,0.18445504875919666,0.08107456468362348,0.49238928399376103,0.612389283993761,-0.014181578076038287,-0.019993919445885383
1.059161731741859,0.3242114478124459,1,1,-0.5205540814200702,-2.6286608025573988,1.0171773476202053,-0.7665204469788703,0.3497718177150592,-0.07131606712593476,-1.0527830631116626,0.3512140686073973,0.3242114478124459,0.46428629851825826,0.46428629851825826,0.3242114478124459,0.46428629851825826,0.9582781491646835,1.0782781491646833,-0.027002620794951415,-0.01465579210479659
-0.8497008091001859,0.3069331628625624,0,0,-3.268117570301545,-0.8079730417640395,-0.6091031438233208,1.382872239040734,0.20165754263448052,-1.009150341366842,0.30532828734869183,0.8865584795215925,0.8183966244740636,0.3069331628625624,0.3069331628625624,0.8865584795215925,0.3069331628625624,0.1524161678406072,0.2724161678406072,-0.06816185504752892,-0.025080156197719437
1.3398797864441758,0.015377126472529068,1,1,-3.212122108475958,-1.953699046738219,-0.1461140315945451,3.4540464022441815,0.2851238413422724,-0.3806248470663645,1.4200279177871042,0.016657842245692993,0.015377126472529068,0.3136109982273196,0.3136109982273196,0.015377126472529068,0.3136109982273196,4.3141978385940725,4.434197838594073,-0.0012807157731639252,-0.0015644836444303404
-0.5874509652091197,0.19616131153938562,1,1,-4.8418699719413745,-3.1401750376283095,-1.8410361672928455,0.09432015638109745,1.9944284946810726,-0.11619928435975406,-1.7333010446480788,0.21249901196877505,0.19616131153938562,1.3282523479590884,1.3282523479590884,0.19616131153938562,1.3282523479590884,-0.14568112322053234,-0.025681123220532343,-0.016337700429389423,-0.03059413950276546
-0.4779677205360946,0.010333414604064162,0,0,-1.2321115683646384,-9.122789856537608,-0.39591796441059773,1.4545180409590368,0.37606959632077114,-0.8388561095125178,-0.685242807179024,0.4441305381766767,0.40998415972038404,0.010333414604064162,0.010333414604064162,0.4441305381766767,0.010333414604064162,0.6394631841097317,0.7594631841097317,-0.03414637845629265,-0.018126572088170995
-1.0884878236267916,0.2988103101652473,1,1,-1.2187974926051366,1.1208353249855012,-0.5597002711498134,0.36119788405399617,1.3381961329386531,1.052423012799171,0.45601218210912847,0.3236973446899556,0.2988103101652473,1.1805438352691486,1.1805438352691486,0.2988103101652473,1.1805438352691486,0.14978487838707105,0.26978487838707105,-0.024887034524708307,-0.025124190242197364
-0.924259410816647,0.5466328544322937,1,0,-7.816602495442362,0.35104628903583857,-1.3316447600574832,-1.3279325139934413,0.5332520212137634,-1.3454710979328943,-0.22556702106860427,0.5466328544322937,0.5046057233984368,1.2334440029145186,1.2334440029145186,0.5466328544322937,1.2334440029145186,-0.15959939076897134,-0.03959939076897134,-0.04202713103385691,-0.03087933889636562
-0.42676432232853545,0.19458333494158753,1,1,10.621382323683108,-12.122494637650698,0.304150446186177,-1.1375939953626888,-1.0242623343588635,-0.09412106456781866,0.5036502875240538,0.21078961032728666,0.19458333494158753,0.6169512850737099,0.6169512850737099,0.19458333494158753,0.6169512850737099,0.3939189268381376,0.5139189268381377,-0.01620627538569913,-0.021350498842562286
-2.4313485579106118,0.46409302671636554,1,0,-5.5974021026942395,3.7879071737215257,1.0615187704137568,0.6070534347705518,0.07365659499219453,-0.7461947535570493,-1.0709069958445192,0.46409302671636554,0.4284118592059268,0.755106817737146,0.755106817737146,0.46409302671636554,0.755106817737146,-0.2844654687230539,-0.1644654687230539,-0.03568116751043876,-0.033559882087192044
-0.2333323411755965,0.6806672552888233,1,0,0.1249659238596447,-0.8848526948782871,-0.5108770883291476,0.40993558498056715,0.33662370662734287,-2.0999019857251224,-0.785677028267503,0.6806672552888233,0.6283350698072381,1.0631191025921645,1.0631191025921645,0.6806672552888233,1.0631191025921645,-0.32608129610520376,-0.20608129610520376,-0.05233218548158525,-0.034503999781804844
-0.5079742372415168,0.6371504276937182,0,1,-4.924328881896221,-0.13844260333090652,1.2045075516061559,0.07921504780413943,-1.417008913102986,2.3558211815981513,-0.028941732314764643,0.7683218760814275,0.7092504830972128,0.6371504276937182,0.6371504276937182,0.7092504830972128,0.6371504276937182,0.7124190721784092,0.8324190721784092,-0.05907139298421471,-0.017266041858924545
0.790011098611832,0.43757462858891955,0,0,0.41321917134801267,7.331815887527535,0.38433395931340797,0.3995247560451345,-0.36759546616018607,-0.7275736818213943,2.1216749850659404,0.45238109758146244,0.41760038597377575,0.43757462858891955,0.43757462858891955,0.45238109758146244,0.43757462858891955,-0.058240228714180775,0.06175977128581922,-0.0347807116076867,-0.028861673584571094
0.4229807383568256,0.28280305975025133,1,0,-0.8610948692846517,3.2417346723974623,1.0032058696177506,0.8219372011086765,0.5762891917182107,-1.0033173903616845,1.2775301917402737,0.28280305975025133,0.2610601272636135,0.5001211526772356,0.5001211526772356,0.28280305975025133,0.5001211526772356,0.10657491032793964,0.22657491032793964,-0.021742932486637834,-0.02585845901548246
-0.7076374310992968,0.12885942218546406,1,0,-0.9853622632467508,9.063558612191175,-0.8431326580117493,0.2832867981506457,-1.6393899054645689,-2.0408588506475196,0.3182912026531147,0.12885942218546406,0.11895223900533856,0.15554527160036632,0.15554527160036632,0.12885942218546406,0.15554527160036632,-0.9124246979334645,-0.7924246979334645,-0.009907183180125498,-0.05100740683513378
-0.4585507594259069,0.15729122989154584,1,1,0.5273474944933955,-3.8121796151696845,-0.8090992671949081,-1.9891675712972732,0.5406095029470755,2.120080771050789,1.3895602585800617,0.17039155520020052,0.15729122989154584,1.5186152258841987,1.5186152258841987,0.15729122989154584,1.5186152258841987,1.6725702623506438,1.7925702623506439,-0.013100325308654681,-0.009103335462606665
-0.23461803852089771,0.05462759623330196,0,0,3.4678232923964183,6.458816006267262,-0.2573178852656725,0.00884530669694572,0.8877062567839132,1.1221280198349068,-0.3435357188256987,0.2065039611488187,0.1906271821300653,0.05462759623330196,0.05462759623330196,0.2065039611488187,0.05462759623330196,0.5896454609542918,0.7096454609542918,-0.015876779018753395,-0.01873869708130245
1.485956554475849,0.15327580776471686,1,1,3.3182145888087313,2.9773549976059046,0.034177715724574294,0.30061480676453645,0.5538763202788318,-0.13307644201126692,-0.12008524506874427,0.16604170033895074,0.15327580776471686,0.44410985832094846,0.44410985832094846,0.15327580776471686,0.44410985832094846,0.7537049459360277,0.8737049459360277,-0.012765892574233884,-0.016797293266300514
-0.8223046804564419,0.11151427992603151,1,0,0.964357160939965,1.476719866007468,1.3798323297543882,1.2095207024428862,0.4774105734360883,1.7191090700229286,-0.386445762226417,0.11151427992603151,0.10294065465525476,0.4589343644232368,0.4589343644232368,0.11151427992603151,0.4589343644232368,1.0765729684244834,1.1965729684244835,-0.00857362527077675,-0.01354438960108155
-0.719760664950654,0.08268957192234273,0,1,-0.7962660082938179,0.9872019894259503,1.6229734486293805,0.5425154435355505,3.2710261222145895,-1.1924819267824778,-0.6893452522173416,0.42681196273671645,0.3939970996356266,0.08268957192234273,0.08268957192234273,0.3939970996356266,0.08268957192234273,0.009755377854071517,0.1297553778540715,-0.03281486310108983,-0.02758257235993174
-1.1285841516171509,0.25364252541450666,0,0,0.1454885882574284,6.996605748662512,0.4187978282005477,0.3972340529789919,1.9501389841750185,-0.6683746832995339,0.9049185186938843,0.8322703100793478,0.7682823278465201,0.25364252541450666,0.25364252541450666,0.8322703100793478,0.25364252541450666,-0.26275291540905965,-0.14275291540905966,-0.06398798223282776,-0.03307760054329093
-1.4820394794361849,0.06402143312119668,1,1,-4.066491225984063,2.8228731893157013,1.1624630046819957,0.7046478322206475,-0.96099634192432,1.407758805254198,1.2293249313154138,0.06935359055420963,0.06402143312119668,0.7159073730952612,0.7159073730952612,0.06402143312119668,0.7159073730952612,0.12621768105531278,0.24621768105531278,-0.005332157433012949,-0.02552204533399425
0.3070036236254948,0.04121257871641267,1,1,5.32143666665827,-2.8635138380829335,0.5995845197903774,0.20434768720895413,0.22610801004437128,-0.07873579223937772,0.6407851342526418,0.04464505354902609,0.04121257871641267,0.5351193476244972,0.5351193476244972,0.04121257871641267,0.5351193476244972,0.26076494278243123,0.3807649427824312,-0.0034324748326134205,-0.02333243440400986
0.20290333107320993,0.1483425776979768,0,1,2.121421884740406,-3.7116304467123733,0.031134852944977556,-0.8485249753526413,-1.048591644827592,-0.7520362536522921,0.22213224254945177,0.30146246342949723,0.27828492781375225,0.1483425776979768,0.1483425776979768,0.27828492781375225,0.1483425776979768,0.23186732493035123,0.3518673249303512,-0.023177535615744982,-0.02378629336310259
1.282761852835352,0.2286945614334429,1,0,1.851924896745991,1.7197563876801252,-0.026955836435207322,0.21534379328874922,0.500813133546111,-0.6273209259168789,1.4656601683453478,0.2286945614334429,0.21111168798893382,1.1443859504054963,1.1443859504054963,0.2286945614334429,1.1443859504054963,0.22932504490975075,0.34932504490975075,-0.017582873444509095,-0.02382664182472747
1.0414090077269296,0.6094187931952961,0,1,1.1306090305074872,-3.4657882378877503,-0.2677108270474744,-0.433426984781509,0.4823862373324524,-1.8365102023750728,-0.7905344497229193,0.796137611244549,0.7349276429130519,0.6094187931952961,0.6094187931952961,0.7349276429130519,0.6094187931952961,0.23153827637550714,0.35153827637550716,-0.061209968331497056,-0.023791511832429064
2.397116714531808,0.14641287820814156,1,1,3.5184522919508447,-5.325833408575733,0.981072798691833,-1.7374219290621107,1.1175741969331559,1.5111365663591347,-0.36945533782374834,0.1586071775039485,0.14641287820814156,0.3828955247095847,0.3828955247095847,0.14641287820814156,0.3828955247095847,2.5036855356430507,2.623685535643051,-0.012194299295806954,-0.005230798963287269
-0.07387276754109584,0.07344199760041767,0,0,-1.0507452301615814,-15.983122747582074,0.29181276742631007,1.1190870848510266,-0.4667891880435197,0.8677755205261815,-0.6711487951306716,0.37691338245576683,0.3479349045167962,0.07344199760041767,0.07344199760041767,0.37691338245576683,0.07344199760041767,1.0324095363149208,1.152409536314921,-0.028978477938970626,-0.01394909592711365
-0.26052956379620706,0.11310897378361079,1,0,-0.3865045157468548,-12.367637912927101,-0.47760229333317933,-0.7993364643249737,0.3426471991948034,1.1579690525655495,-0.18411293211716429,0.11310897378361079,0.10441274262266859,0.4297429598662078,0.4297429598662078,0.11310897378361079,0.4297429598662078,0.6999887848281077,0.8199887848281077,-0.008696231160942203,-0.017409717588055543
-1.3002263451333593,0.3720647351120482,1,1,-3.9546636079198563,11.847875304646784,-1.2712491599124032,-1.0827068222868157,0.3945994213705404,1.8441164133942693,0.39372499931439753,0.403052915884791,0.3720647351120482,0.7447098820724191,0.7447098820724191,0.3720647351120482,0.7447098820724191,0.38183423820554363,0.5018342382055436,-0.03098818077274279,-0.02152320302094322
0.6965781674763256,0.019062297471456664,0,1,4.1192563277378955,-3.536386951421702,-0.38689655065125267,0.7661839668502841,-0.23949863558674636,-0.3782852173642064,-0.9584591056952636,0.36425023779739596,0.33624534868599537,0.019062297471456664,0.019062297471456664,0.33624534868599537,0.019062297471456664,0.6653955756972907,0.7853955756972907,-0.028004889111400588,-0.017815888505416596
0.11853424144633881,0.21290761959457674,1,1,5.091419116445299,13.86509621637675,1.4084488442463559,-2.5392079174956637,0.7978592002792693,-0.4637449377975369,-0.4103407314516127,0.2306400709162646,0.21290761959457674,2.792022463529029,2.792022463529029,0.21290761959457674,2.792022463529029,2.391865797785145,2.5118657977851453,-0.017732451321687853,-0.005635638911498373
0.6512663050106834,0.19918185486808682,0,1,9.382879669034828,4.099962874622319,1.6923151561178125,-0.7141310922000513,-0.6800691540284102,-0.13039423891953036,0.41384738581223823,0.7778145702075749,0.718013344216308,0.19918185486808682,0.19918185486808682,0.718013344216308,0.19918185486808682,0.3313219832470137,0.45132198324701367,-0.059801225991266915,-0.022260335110637193
-1.1391242192384,0.18136442543508133,1,1,-4.269513035442301,-2.2689114765382064,-0.4418557822928694,-1.5738589305358854,-0.8656981808817654,1.2813338564645194,0.07477678913551145,0.19646973661012287,0.18136442543508133,1.7407089461428342,1.7407089461428342,0.18136442543508133,1.7407089461428342,0.964314131377533,1.0843141313775329,-0.015105311175041547,-0.01459693586897325
0.35160418902669965,0.1569235586053985,1,0,3.143815164780717,-11.011913073396911,0.45108728370382206,-0.2614212071730376,-0.6594976961732696,1.677569449875411,-0.18819185705108066,0.1569235586053985,0.1448587020818046,0.16038667842813656,0.16038667842813656,0.1569235586053985,0.16038667842813656,0.914304775645512,1.034304775645512,-0.012064856523593903,-0.015091794796767503
0.2051996179539418,0.20122810846938335,1,0,-9.268579424833968,0.9201719321235283,-0.44336987952712686,1.0961423663553396,-0.7223603588673853,-0.5947273437739967,0.010246684016898003,0.20122810846938335,0.18575695628055078,0.2154310855253342,0.2154310855253342,0.20122810846938335,0.2154310855253342,0.42604372395980294,0.5460437239598029,-0.015471152188832576,-0.020898106838508665
0.13903503989368673,0.17564417379069167,1,0,3.771626213707482,13.07215118652534,0.00027010408817970173,0.2596113479032144,2.091669089395488,0.33624824635237044,-2.3780539627508004,0.17564417379069167,0.16214000797376255,0.5359521254145229,0.5359521254145229,0.17564417379069167,0.5359521254145229,0.987428858727347,1.107428858727347,-0.01350416581692912,-0.014373723984772309
-0.683265908190524,0.283408721896099,1,1,-8.107406408717162,10.273954787929757,0.3262989434315609,0.03787999448959883,0.04345002435145766,0.2459473093961707,-0.028678287674799376,0.30701300329633296,0.283408721896099,0.4215626609485658,0.4215626609485658,0.283408721896099,0.4215626609485658,0.14516816754714743,0.26516816754714745,-0.023604281400233962,-0.025201636778104688
1.1893246485533984,0.1010712430013599,0,0,-2.1007792731318586,4.577300986522241,-0.052612093055389005,0.6130442097707861,-0.542080797194501,-0.9476863356391756,3.023781452622391,0.18926534444167198,0.17471393325860438,0.1010712430013599,0.1010712430013599,0.18926534444167198,0.1010712430013599,-0.13806690127765597,-0.018066901277655978,-0.014551411183067603,-0.03043923262163368
2.0503075789780114,0.15647873792488037,0,1,4.002145332462152,-4.841713850986377,-0.7158574437812334,0.10014291246007646,-1.4956602508753674,0.11646841505142191,-0.9332255506893351,0.2588915178118811,0.23898699203299434,0.15647873792488037,0.15647873792488037,0.23898699203299434,0.15647873792488037,0.8671764369728179,0.9871764369728179,-0.01990452577888674,-0.015573489811617778
-1.1103440262976154,0.29188228913132397,1,1,-5.5668737184183135,-9.149878653935563,-0.44247294285001093,1.0450646657711238,0.47200956837807373,0.5684095245748191,-1.7712048383918628,0.31619230909932633,0.29188228913132397,1.405927322639058,1.405927322639058,0.29188228913132397,1.405927322639058,0.7149995133310942,0.8349995133310942,-0.02431001996800236,-0.01723636472297322
0.720443979592958,0.05737519416340316,1,0,-1.9867026061769797,-6.340829246918764,1.8368951698290128,-1.191881310941875,1.528560814293865,1.0215438659814862,0.5773327417846801,0.05737519416340316,0.05296397960934456,2.3730232857110782,2.3730232857110782,0.05737519416340316,2.3730232857110782,1.0640967700063135,1.1840967700063136,-0.004411214554058601,-0.01365751439946991
-2.877850151340389,0.3151125786269269,1,1,-6.729112092172462,5.309396226038715,-0.8549847809083815,0.15158984481952292,-0.4709214106448598,0.029039571505291815,-0.24987225908555988,0.3413573812882584,0.3151125786269269,0.46381425023362477,0.46381425023362477,0.3151125786269269,0.46381425023362477,-0.7507069391044722,-0.6307069391044722,-0.0262448026613315,-0.04579427187290601
0.6686099494824584,0.1172020171156679,0,0,4.3329735870340444,13.407173956304588,-2.0386105065724083,1.121784150984588,-0.08110715654936117,-0.484800399502237,-0.5603272328297677,0.2920104042694463,0.26955957749609577,0.1172020171156679,0.1172020171156679,0.2920104042694463,0.1172020171156679,0.17160842542311555,0.29160842542311555,-0.02245082677335053,-0.024761303834519147
-1.8701546165417549,0.46885062554116147,1,1,-7.498361523475465,-0.7165570308675331,0.3584595763667682,-0.8937563382944722,-2.2551755584740434,0.40712980320827613,0.5191029979568217,0.5078998193200548,0.46885062554116147,0.8248820847549323,0.8248820847549323,0.46885062554116147,0.8248820847549323,-0.10396475216978662,0.016035247830213373,-0.03904919377889332,-0.029755011067910373
-0.524967347899258,0.49417761390082116,1,1,-0.5511793045167964,-2.496842513899751,-0.1996318246776329,-1.1479028751900089,0.08893554088928533,-1.4645323683135887,-1.0272305966876594,0.5353362182732283,0.49417761390082116,1.1379869498829478,1.1379869498829478,0.49417761390082116,1.1379869498829478,0.25140668540350614,0.37140668540350613,-0.04115860437240715,-0.023478456719463466
-1.3130246617542505,0.30261964006725256,0,0,-3.318684266340113,9.92683572453367,-0.7506979365041612,0.8439390708915561,-0.3626109504369171,-0.4478664117764606,1.9546925154112462,1.3274611487007946,1.2254010855588844,0.30261964006725256,0.30261964006725256,1.3274611487007946,0.30261964006725256,-0.6098140896114648,-0.4898140896114648,-0.10206006314191018,-0.04168871416681805
-0.21561149494939602,0.08031113246154781,1,1,2.61139938356769,-7.276238920381602,0.3524624971887139,0.33899451047482604,-0.3697007452087749,-0.5963716676367777,-2.1864064400171506,0.0870000111859253,0.08031113246154781,0.4020493804941309,0.4020493804941309,0.08031113246154781,0.4020493804941309,0.4541267903946937,0.5741267903946937,-0.006688878724377498,-0.02051049135583821
0.8387936983678286,0.20024721692724606,1,0,5.115247954223413,1.7212428874377819,0.9687405319235582,0.44830970575637913,-0.17916599321341334,-0.13722670183625574,0.7361442622610551,0.20024721692724606,0.18485147926397147,0.99965382549779,0.99965382549779,0.20024721692724606,0.99965382549779,0.3876095938228838,0.5076095938228837,-0.015395737663274595,-0.02144049291556377
-1.8573132637270229,0.7400729435740705,0,0,-11.292575874384621,0.4839853796762297,-1.554710073079853,-0.5898813315538055,-1.1363028628925305,1.7715092824867462,0.8756555318533007,1.1065137503603637,1.021440930459233,0.7400729435740705,0.7400729435740705,1.1065137503603637,0.7400729435740705,-0.4004103812777135,-0.2804103812777135,-0.0850728199011308,-0.03625683721960503
-0.35947968951563886,0.46303410086783225,0,0,5.200707577367298,-6.529926724512805,-2.2026926411353642,-1.5137616266399756,-0.1323456733574863,-0.4724402120724247,-1.3243822080768883,0.5301019797584321,0.48934580276692624,0.46303410086783225,0.46303410086783225,0.5301019797584321,0.46303410086783225,0.18814571260317448,0.30814571260317447,-0.040756176991505855,-0.024489813295125992
-0.5133687688160568,0.049603480631470104,0,0,-3.7438449956323208,-5.468248561427492,1.9447622376504894,0.3125399139825792,0.4748163228630915,-0.6920149492322138,0.7222741471780024,0.599712412959936,0.5536043315342896,0.049603480631470104,0.049603480631470104,0.599712412959936,0.049603480631470104,-0.3649064738884471,-0.2449064738884471,-0.046108081425646485,-0.03540874079864953
1.5810486838718745,0.3835726293230272,0,0,4.74522953415182,-2.3060591833039914,-0.3804327609820118,-0.2833431737074994,0.6110019598252598,-1.6289975650602997,1.5970278598509826,0.4983856281691303,0.46006792016709597,0.3835726293230272,0.3835726293230272,0.4983856281691303,0.3835726293230272,-0.04068660726943668,0.07931339273056331,-0.03831770800203432,-0.028525890889115474
0.43176100785028515,0.1507890257293079,1,1,-4.967851216471466,11.787875276395171,0.1823892147238758,1.2809442087804244,-1.0754197566188184,-0.9231651240281931,-1.1619002215998122,0.16334780151986586,0.1507890257293079,0.34280545503767706,0.34280545503767706,0.1507890257293079,0.34280545503767706,0.8338257995951808,0.9538257995951808,-0.012558775790557947,-0.015923625006160298
-1.1772171132734226,0.14121348305365,0,0,-0.46036112846443467,12.808485109573557,0.2502976726648389,0.06598330191824608,-0.4644118192311805,-1.0140691928852794,-1.2665962697308424,0.42702878670470507,0.3941972533847653,0.14121348305365,0.14121348305365,0.42702878670470507,0.14121348305365,-0.18398397386225834,-0.06398397386225835,-0.032831533319939765,-0.03138542787745628
-0.47129437903039967,0.06180392557242353,1,1,11.15671206650386,-0.260518842853916,-0.04848390047065598,-0.4655867795886001,-0.6856069923582623,1.5470894861316096,-0.08232567819273391,0.06695139330415206,0.06180392557242353,0.661965260487309,0.661965260487309,0.06180392557242353,0.661965260487309,0.6043430911325665,0.7243430911325665,-0.005147467731728535,-0.018555984066101365
1.5561042383855315,0.02579046643365996,0,0,2.3801973240154988,0.07422235801296084,1.2700429339269252,-0.5332521826826966,0.24477628379865687,-0.055476016256334894,-1.6976223095181227,0.09401729053853236,0.08678889773910081,0.02579046643365996,0.02579046643365996,0.09401729053853236,0.02579046643365996,1.0612621286878134,1.1812621286878136,-0.007228392799431549,-0.013683348238087045
0.7143653167740243,0.06425066983864822,1,1,-1.0859012562662331,-3.446233621073275,1.4283383062639128,-0.13515360703241588,0.7464182196329605,-0.7520287224615594,-0.16484438157976464,0.06960191972566113,0.06425066983864822,0.6616149627117616,0.6616149627117616,0.06425066983864822,0.6616149627117616,0.2532787318457322,0.3732787318457322,-0.00535124988701291,-0.02344917315574776
-0.9182334624054216,0.07813170876440426,0,1,-2.3371738851317625,-1.4560678839732961,-0.8668523599233547,1.2359984827633934,0.3114093474506757,0.36705352668088814,1.358184147104979,0.10123530666080982,0.09345196641005742,0.07813170876440426,0.07813170876440426,0.09345196641005742,0.07813170876440426,0.14744255054492944,0.26744255054492944,-0.007783340250752405,-0.025163453616994576
-0.267070538383089,0.061499830162745295,0,0,-8.630417687320296,-3.7744389594958228,1.156341296899023,0.7653425361362853,-1.4217273470374627,-0.6956791195166836,-1.0038881360113527,0.06390990809451491,0.058996280858114286,0.061499830162745295,0.061499830162745295,0.06390990809451491,0.061499830162745295,0.24866209177737048,0.36866209177737047,-0.004913627236400625,-0.023521455260416834
-0.23510914840814795,0.02344330695117145,1,0,5.436829945660338,-0.6159133483615448,0.7275336936257992,0.1706519417500514,-1.3905124336305947,-0.18874421301122754,-1.4941123357187784,0.02344330695117145,0.021640899859985813,0.07117238623884244,0.07117238623884244,0.02344330695117145,0.07117238623884244,0.35280210761517994,0.47280210761517993,-0.0018024070911856378,-0.02194383681565018
-0.5379819271558055,0.2626446038367511,1,0,2.1585438738463316,1.9554595155596979,-0.05315648806975988,-1.6553725039871847,0.5288274933846129,0.37796262603407355,1.9079484933468815,0.2626446038367511,0.24245152709194706,4.276821975895772,4.276821975895772,0.2626446038367511,4.276821975895772,0.7843377743916566,0.9043377743916566,-0.020193076744804028,-0.016457739825878934
-1.7102121563216897,0.23775619020562844,0,0,-7.407198064423629,-5.406069642082665,0.8478732894973424,-0.42291425582250275,0.818070093274486,-1.3976638809451785,-0.9624726036810854,0.6777293261152028,0.6256230193625428,0.23775619020562844,0.23775619020562844,0.6777293261152028,0.23775619020562844,-0.34484937769564883,-0.22484937769564883,-0.052106306752659926,-0.03493842783004175
-0.6776217153899684,0.22835988007357058,1,1,-4.7819781909664165,-2.0357324071600944,0.33314253207511,-2.1582496627479273,-0.037160784933883036,-1.0202632921184207,0.10130705515326355,0.24737930485950343,0.22835988007357058,0.5867797331376798,0.5867797331376798,0.22835988007357058,0.5867797331376798,1.309091835223475,1.429091835223475,-0.019019424785932854,-0.011599474926558669
1.3891993058653744,0.11864874082589426,1,1,1.9593317745602294,0.23870110080115325,-1.0777363580472634,0.42424813745518875,0.01932742366738962,1.4003659168813305,0.006734534101622121,0.12853064653260912,0.11864874082589426,0.30136099427504653,0.30136099427504653,0.11864874082589426,0.30136099427504653,0.9373875663015756,1.0573875663015757,-0.009881905706714864,-0.014861332092186156
-0.3811444870611752,0.2063473305671318,1,1,3.8934137703057057,-2.4753008379881596,-0.7686428049614663,-0.2468858558272829,-1.3442363970167315,0.40613725470544,0.5898502463152723,0.22353339465262356,0.2063473305671318,0.40665928771686644,0.40665928771686644,0.2063473305671318,0.40665928771686644,-0.08362744973544806,0.03637255026455194,-0.017186064085491753,-0.029354309165380687
-0.10325363046091905,0.4249214930730491,0,0,-5.830726082581269,-3.2892533624533753,2.469196036692818,-0.6218359906044048,-0.2677945736751827,-0.5757585244382156,0.21211370113122407,0.8611408429076948,0.794933188629259,0.4249214930730491,0.4249214930730491,0.8611408429076948,0.4249214930730491,-0.26136661313241427,-0.14136661313241428,-0.06620765427843578,-0.033047044296904464
0.14052564685357408,0.0759341312850444,0,1,6.22995620371997,5.682934330869873,0.38169053447961365,-0.05337484442851077,1.0863259168730321,-0.6169795037547775,0.9861740478907121,0.1337063984193481,0.12342656199738446,0.0759341312850444,0.0759341312850444,0.12342656199738446,0.0759341312850444,0.019911361574793923,0.13991136157479392,-0.010279836421963631,-0.027396451048702426
2.218141394712126,0.04829270581441045,1,0,1.939968226267839,-10.675699947683468,0.5384978536410825,-0.012029919898946523,-0.31493664075714545,2.4266677587313694,-0.8170086507420794,0.04829270581441045,0.04457978614852321,0.06843806581528705,0.06843806581528705,0.04829270581441045,0.06843806581528705,1.762889893861045,1.8828898938610452,-0.0037129196658872363,-0.008571371827709187
0.008874771416961356,0.11613443838873322,1,1,-4.049728565401953,10.472059935352588,0.29793317696841465,-0.7502190702421325,1.7856207486213058,0.8868263287992036,-0.6783498788411441,0.12580693521820893,0.11613443838873322,0.6749223046545357,0.6749223046545357,0.11613443838873322,0.6749223046545357,0.968195838642455,1.0881958386424548,-0.009672496829475713,-0.01455921068139902
1.0939453535835113,0.1825175833337351,0,0,-0.9778161200910922,2.492026598135575,0.5125949934312284,0.2576957212765554,-0.5166247619747387,0.7581642172281733,0.38930539110441015,0.21312504418812062,0.1967392121144282,0.1825175833337351,0.1825175833337351,0.21312504418812062,0.1825175833337351,0.7592554483153556,0.8792554483153556,-0.016385832073692402,-0.016735252512048965
-0.5981801720511966,0.5025230596484699,1,1,7.514303208744858,3.3128368514222517,0.21569871388595227,-0.04191971124232876,0.43105449259965123,0.22938766149245945,0.05909333302501734,0.5443767317256393,0.5025230596484699,1.0606912488418876,1.0606912488418876,0.5025230596484699,1.0606912488418876,0.1652922651578297,0.2852922651578297,-0.04185367207716939,-0.02486578790177419
-0.2593992605024914,0.14543814241756955,1,0,-8.098938843551618,5.225848819591513,-0.6410159159875635,1.6937662407624925,-1.050419943348547,0.427636218879745,-0.3202407423014329,0.14543814241756955,0.134256326653766,0.21398043813904136,0.21398043813904136,0.14543814241756955,0.21398043813904136,1.1348811625897814,1.2548811625897813,-0.01118181576380356,-0.013027992093888502
0.012552723110285054,0.24827854833364812,0,1,-3.396148911845367,-4.670122890628227,1.7595472694492997,-0.9034825372238406,-0.7352632617603321,-0.9698180632618253,0.3234650509506103,0.6013248680269873,0.5550928151644984,0.24827854833364812,0.24827854833364812,0.5550928151644984,0.24827854833364812,-0.002944109502329123,0.11705589049767087,-0.04623205286248888,-0.027817086715787583
-0.7741329418493845,0.25474020471824,0,0,3.0618408764937355,-7.0890579010104275,-1.3730506595686418,-0.47852849475776627,-2.152365822854285,0.24042135412809051,-0.5002148587562626,0.30428392240344304,0.2808894627132609,0.25474020471824,0.25474020471824,0.30428392240344304,0.25474020471824,-0.27778149792089174,-0.15778149792089174,-0.023394459690182168,-0.03341067259005863
-0.20371778060295764,0.0751363542375236,0,0,-0.17942289365748043,-7.618222830774386,-1.488056743931853,1.0856094029740586,-1.3076668983849393,0.7969436900282153,-0.7010408239878044,0.33015820374934884,0.3047744347746735,0.0751363542375236,0.0751363542375236,0.33015820374934884,0.0751363542375236,0.44595038123138786,0.5659503812313879,-0.02538376897467537,-0.02062259806801528
0.8880509358132697,0.27419166586362903,0,1,-3.042092218414805,0.17097089301941315,1.601571377895426,0.7495505389261462,-1.0080478708740281,-0.9170825522103063,0.60552520522431,0.45380574805712287,0.41891550411574546,0.27419166586362903,0.27419166586362903,0.41891550411574546,0.27419166586362903,0.14511150752295085,0.2651115075229509,-0.03489024394137741,-0.02520258874631717
-0.8003645610918834,0.37038401546784594,1,1,4.07679589936676,3.8030620343061323,-0.2623781307101668,-0.16934250702136555,1.2722388617720979,-0.7486888733699565,0.09129377217545448,0.40123221402983933,0.37038401546784594,0.8856237273193879,0.8856237273193879,0.37038401546784594,0.8856237273193879,-0.20478086358247594,-0.08478086358247594,-0.03084819856199339,-0.03182360461773892
8.903096363832074e-05,0.11621826995962696,0,0,3.6679303772469716,-4.280018943675135,0.954627793652306,0.8091174883856003,-0.1596126675206725,-0.2889058808526582,-1.7388154625209316,0.16594065723537818,0.1531825332241194,0.11621826995962696,0.11621826995962696,0.16594065723537818,0.11621826995962696,0.7100239852835323,0.8300239852835323,-0.012758124011258781,-0.017293632994506706
0.7087335516559325,0.34569929632497876,1,1,3.0495794312474978,5.712279810245397,-1.0562449926651958,0.3183592265747336,-0.1378821889422362,0.07492707856622638,1.0392536096340605,0.3744915770131828,0.34569929632497876,0.9207668034800798,0.9207668034800798,0.34569929632497876,0.9207668034800798,0.09997196172092065,0.21997196172092065,-0.028792280688204053,-0.025972537967714187
-0.8244660488127444,0.03882771539712469,0,1,-3.103100091644447,-18.233639236545198,-1.1873231090622745,-0.23618030223264996,0.1887109634112177,-0.704159937574516,1.431477113927417,0.07476570072624221,0.06901744048944533,0.03882771539712469,0.03882771539712469,0.06901744048944533,0.03882771539712469,-0.7791415106290762,-0.6591415106290762,-0.005748260236796879,-0.04667064573413269
1.095413792614956,0.05108023600168472,0,1,-0.07492489845965888,-1.3142504466397895,0.9085868016131475,0.2901333270887555,1.7942317793285865,-1.4988952796101422,-0.007726281105681772,0.9918817555470201,0.9156222622281274,0.05108023600168472,0.05108023600168472,0.9156222622281274,0.05108023600168472,0.27352093444663733,0.3935209344466373,-0.0762594933188927,-0.023134856801616158
0.0728834797113227,0.07380186262681954,1,0,2.31750048864037,9.023743344443464,0.36633696893406104,-0.9145550467939221,0.30071454181772833,-1.106582493787878,0.6905573182742532,0.07380186262681954,0.06812770578459805,0.1727822696874355,0.1727822696874355,0.07380186262681954,0.1727822696874355,0.140109416696918,0.260109416696918,-0.005674156842221487,-0.025286772792358747
-0.16512256333928968,0.08570448408878982,0,1,-7.023274830889092,-0.4746668087843031,1.0578347681289066,0.2723334011283283,-1.8527978150649458,-0.9667935211660346,0.5647100032131608,1.813427690169427,1.6740047437855574,0.08570448408878982,0.08570448408878982,1.6740047437855574,0.08570448408878982,-0.28110645820690827,-0.16110645820690828,-0.13942294638386965,-0.03348481417196657
-2.0081478058002147,0.10871249314454026,1,0,4.5419046335619395,-9.721383549947287,0.021198643512365802,-2.694002617692488,1.2428303838682404,0.13665650625383235,-0.819074664000045,0.10871249314454026,0.10035427947817019,1.655242574385331,1.655242574385331,0.10871249314454026,1.655242574385331,2.378872490954234,2.498872490954234,-0.008358213666370073,-0.005684668012021283
-0.3736124420134736,0.00856246448169289,1,1,7.965690367413714,-5.288454956925385,0.9949555975666642,-0.6775400129068989,-0.6884521176042147,0.3583526510140362,1.7810384592422948,0.009275607040444072,0.00856246448169289,0.7079594221528035,0.7079594221528035,0.00856246448169289,0.7079594221528035,0.034578160497840627,0.15457816049784062,-0.0007131425587511824,-0.02712987760641659
0.371592416145303,0.10099657631140595,0,0,-1.543658180012802,-22.41334462202713,1.6235871779728863,0.35971149890410664,0.46238565885031974,0.791498932084825,-1.256983675369349,0.10920138731082121,0.10080558567471722,0.10099657631140595,0.10099657631140595,0.10920138731082121,0.10099657631140595,0.7995717938750113,0.9195717938750113,-0.008395801636103997,-0.016291440703863194
1.7453450188024677,0.13391209322195613,1,0,4.7983085278059505,-4.888291643724527,0.6441483371519825,-0.7340734681435281,0.3184780667965807,-0.22746762760733732,0.5012083271142144,0.13391209322195613,0.1236164422320387,0.664267309026425,0.664267309026425,0.13391209322195613,0.664267309026425,0.8188100094583144,0.9388100094583144,-0.01029565098991743,-0.016083829407745154
0.5678891541116129,0.015342422561402868,1,0,7.904259164201854,8.246503673164261,0.1181034650064601,-3.0730302708212998,0.17889171170518062,0.6421529522992627,0.4459283483384537,0.015342422561402868,0.014162841059602103,0.31113623310753086,0.31113623310753086,0.015342422561402868,0.31113623310753086,3.752071625353315,3.872071625353315,-0.0011795815018007649,-0.002275743105199885
1.1262162317783488,0.12979787883317556,1,1,10.692602282736615,-2.7945904290258716,-0.10258594620857964,1.642161691930406,0.3113731291216611,0.4376733001931063,1.0444918940505687,0.1406083635516203,0.12979787883317556,0.42493998230559543,0.42493998230559543,0.12979787883317556,0.42493998230559543,1.4581490690551064,1.5781490690551063,-0.01081048471844473,-0.010502237638785954
-1.2091045736219388,0.14939362653609514,0,1,5.568796318734368,-4.130115941703513,0.3625929996965988,-0.8980177534142035,-2.4383374137796223,-0.47712090201808144,0.7609455258811165,0.18381692575266492,0.16968440890482356,0.14939362653609514,0.14939362653609514,0.16968440890482356,0.14939362653609514,-0.24808331049701848,-0.1280833104970185,-0.014132516847841364,-0.03275568700290375
-0.12682249565295442,0.243940126965516,0,1,-9.040492140902504,-17.889521185629825,-0.35309633141780583,0.8011783722817295,0.148728175920273,1.2880660702621847,-0.2952167071206611,0.3507415354819489,0.32377524476013525,0.243940126965516,0.243940126965516,0.32377524476013525,0.243940126965516,0.8204810369442537,0.9404810369442537,-0.026966290721813668,-0.01606592170367275
1.2207464423288639,0.10620168828793507,0,1,0.5993983957852624,-10.063343597368496,0.46761482656768805,0.5058850645353592,1.501601872631193,-1.706637306334278,-0.4584082745531576,0.11553440863034826,0.10665170117678771,0.10620168828793507,0.10620168828793507,0.10665170117678771,0.10620168828793507,0.39667236755837026,0.5166723675583702,-0.008882707453560554,-0.021311343235830622
-0.8877335503999231,0.04225347551737195,1,0,0.576323112778921,7.438244509264706,0.8485161053885039,1.545896479778648,0.24007151264208035,-0.29270416442148695,0.7571183686744447,0.04225347551737195,0.039004873941733555,0.38678791305968413,0.38678791305968413,0.04225347551737195,0.38678791305968413,0.597141307791251,0.717141307791251,-0.003248601575638395,-0.018645289064252876
0.9652226289731026,0.07577523282002467,1,0,-0.42634048213736686,5.38666650017679,0.868702675231683,-0.3596616786673072,0.3303073121775462,1.1805272624119694,1.8904589932744518,0.07577523282002467,0.06994935606741787,0.381863644094385,0.381863644094385,0.07577523282002467,0.381863644094385,0.6215905421121607,0.7415905421121607,-0.005825876752606804,-0.018343843746252093
0.733317864600333,0.05049007609046762,0,1,9.254512063459309,-8.722673950297935,0.7426049592352919,0.044138896665593126,-0.05407517603790821,0.5573965571936229,-0.11567284247945017,0.11390288148402095,0.10514561179843941,0.05049007609046762,0.05049007609046762,0.10514561179843941,0.05049007609046762,0.685402462076937,0.805402462076937,-0.008757269685581534,-0.017579839237084616
0.27472364844982017,0.1455701085267939,1,1,9.044752099483897,-4.2911055189106255,0.18964049902238825,-1.0578762645308748,1.297057196491159,-1.1401847271486785,-0.4321117604530126,0.15769421600711606,0.1455701085267939,0.8112111933244156,0.8112111933244156,0.1455701085267939,0.8112111933244156,0.5491333789703963,0.6691333789703963,-0.012124107480322166,-0.01925168911217568
-0.3287026251359748,0.11138180800394556,1,1,-5.460981659508075,-0.2760719208815233,0.09759326085181382,1.9909868798886388,-0.42268298485232736,-0.6660158139603963,-0.5508169173337938,0.12065847218492942,0.11138180800394556,0.3819985564310494,0.3819985564310494,0.11138180800394556,0.3819985564310494,1.3697767890688934,1.4897767890688933,-0.009276664180983857,-0.011139565122271064
-0.9862951545724351,0.041989555084743495,1,1,-2.009983249905705,-11.207520580891408,1.6588971676113125,-2.8123469935060212,-1.002738012148587,2.7312887091595517,0.5908820734916369,0.04548674200072792,0.041989555084743495,3.132832995791174,3.132832995791174,0.041989555084743495,3.132832995791174,3.1866698994161444,3.3066698994161445,-0.0034971869159844265,-0.0033175983170621592
1.7753792941033137,0.08007944825342711,1,0,-0.14892420873520074,-12.242131233921207,-1.10598494933922,-0.04191798217477153,0.06745456606786167,0.8461252459056059,1.8395020028225635,0.08007944825342711,0.07392264769236129,0.25501960611129937,0.25501960611129937,0.08007944825342711,0.25501960611129937,0.4766024134664948,0.5966024134664948,-0.006156800561065823,-0.02020545828376402
0.6318625177240305,0.15341708397641698,1,0,0.16775887554709867,-0.3270531992685648,0.38855168127921547,-0.5397883030129608,0.7870844420982043,-0.6982526968628611,-1.0333374959890294,0.15341708397641698,0.14162181803360174,0.3131161302917233,0.3131161302917233,0.15341708397641698,0.3131161302917233,0.6043583716695149,0.7243583716695149,-0.011795265942815242,-0.01855579503679745
0.3406161246754489,0.289291587237852,1,1,0.5893821340536001,5.696029457790974,-1.759908871956445,-1.5651283945004009,-0.8964451561242719,-1.177789767700871,0.31323652737471736,0.31338583524192715,0.289291587237852,0.41295455448085067,0.41295455448085067,0.289291587237852,0.41295455448085067,0.18288834332149917,0.30288834332149916,-0.02409424800407517,-0.024575798553943463
-0.4128497482022511,0.01880361920960176,1,1,5.153334618321644,4.337443644665425,-1.1994018258240353,-3.143666302024744,-1.0439117745894657,-0.47185964772141936,-0.6054494878719654,0.02036971751524601,0.01880361920960176,3.4356222595757138,3.4356222595757138,0.01880361920960176,3.4356222595757138,3.048696502354137,3.168696502354137,-0.0015660983056442514,-0.0036372335806498356
0.03787162958997776,0.5905858941307818,1,1,-4.0151328262289105,6.015182063663587,1.5195246793091843,-0.6135425592891501,0.8809234631991979,-0.01898259968086171,-0.042304725672598735,0.6397740614631281,0.5905858941307818,2.4047769834058093,2.4047769834058093,0.5905858941307818,2.4047769834058093,0.36602904440943496,0.48602904440943495,-0.04918816733234632,-0.02175118762180467
0.16471726997003286,0.06741267702241024,0,1,-12.354587051537722,-10.893911713718408,-0.835380288848037,-0.058782651580767155,-0.7650961268974169,0.1700243142545705,-0.2362496326236882,0.12400064073752448,0.11446701842722543,0.06741267702241024,0.06741267702241024,0.11446701842722543,0.06741267702241024,0.18113827345517164,0.30113827345517163,-0.009533622310299056,-0.02460448819664222
0.39987568473357277,0.10168329426449943,1,1,-7.012606218081375,1.166722791525013,-0.9446279331916002,0.9918943397005953,0.42684048002142533,-0.44806273414224823,0.14549304703531002,0.11015219767531952,0.10168329426449943,0.1623038410325616,0.1623038410325616,0.10168329426449943,0.1623038410325616,0.3730615662747915,0.4930615662747915,-0.008468903410820086,-0.021649449165767685
0.7343402884719342,0.2956256867727447,1,1,-3.594204050873373,-0.6988700542657733,-0.08382252150196365,-0.8675909372632739,0.07049622902116384,-0.6210117548073745,-0.9449338356200992,0.32024748335344233,0.2956256867727447,1.0308242587116627,1.0308242587116627,0.2956256867727447,1.0308242587116627,0.7229526364741733,0.8429526364741733,-0.02462179658069763,-0.01714521794955068
-0.7824715258550916,1.7111663710007778,1,1,-2.610818577288506,-1.454426712105588,-1.6227673302665249,-0.3586073535386307,0.5669706595837234,-0.6946593533788596,2.5207086921579696,1.8536844003454331,1.7111663710007778,2.720693969827205,2.720693969827205,1.7111663710007778,2.720693969827205,-1.1127064752736318,-0.9927064752736318,-0.1425180293446553,-0.058293584191884996
-1.4665969654870044,0.08186543300702816,1,1,-2.4691426055932526,-4.925679772742519,0.8856856536527323,1.3043301326604781,0.7952430120737586,1.8528649749385728,-0.7870019834725421,0.0886837648661243,0.08186543300702816,0.7435431939154586,0.7435431939154586,0.08186543300702816,0.7435431939154586,1.1727439585353494,1.2927439585353495,-0.006818331859096138,-0.012703256991319616
0.08428085127349749,0.16599395537969666,0,0,-4.019686112748224,-4.7537482975272605,-2.5607373856586215,-0.44612560835288306,0.5582185755475376,0.15151697174797846,0.2754726109677837,0.8489249992517535,0.7836565436655561,0.16599395537969666,0.16599395537969666,0.8489249992517535,0.16599395537969666,-0.6524755902726558,-0.5324755902726558,-0.06526845558619732,-0.04289140469643449
-1.7472173373247617,0.010916969674244735,1,1,-8.832945332382282,-24.88356086493389,1.3209100026698724,0.3820575744624996,0.7989129275910215,-0.9395627418527589,-1.0953936892160367,0.011826212066309029,0.010916969674244735,0.31393047128164336,0.31393047128164336,0.010916969674244735,0.31393047128164336,-0.2432119047139319,-0.1232119047139319,-0.0009092423920642936,-0.03264948205664828
-0.3236609949936378,0.27233967274693643,0,1,-5.616488452243716,8.360950668427346,1.6141139230244876,0.10090153514706786,-0.6232291834461349,-0.6213944935471182,-0.6491231216382576,1.152494505678422,1.0638865173125367,0.27233967274693643,0.27233967274693643,1.0638865173125367,0.27233967274693643,-0.041798160279090404,0.07820183972090959,-0.08860798836588524,-0.028547037416557074
-0.5091898301117628,0.3334881356577283,0,1,-5.967237981274628,2.311598747907602,-0.7089590210458417,-1.2831478026036598,-1.5004204022205085,-0.19500437765441916,-0.5929258703203995,0.38162900117250675,0.3522879692375456,0.3334881356577283,0.3334881356577283,0.3522879692375456,0.3334881356577283,0.45618084799688496,0.576180847996885,-0.02934103193496118,-0.020482424090354726
0.4917481922016692,0.10479803233341256,0,0,-2.1107786662319192,-10.065503671053849,1.1071592854432952,0.29307665326691656,0.2653176800779831,-0.7431204075544506,-0.1210284157799757,0.7378215377814591,0.6810951222421897,0.10479803233341256,0.10479803233341256,0.7378215377814591,0.10479803233341256,0.2349340571947107,0.3549340571947107,-0.05672641553926938,-0.023737712246246802
1.982597035486309,0.05922507718434196,1,1,-0.4982888562839971,6.016923996192796,0.36100110363144033,0.7161957397126754,-0.09389182651836551,1.079123779324209,0.007989308907942713,0.06415776019584889,0.05922507718434196,0.259646052185021,0.259646052185021,0.05922507718434196,0.259646052185021,1.3389366437178873,1.4589366437178874,-0.0049326830115069276,-0.011370966324800745
-1.944590623903561,0.33789220728583397,1,0,0.07753021583058795,-5.684475982182074,0.7928471185176799,-0.4898522085891503,-1.8125883665686418,0.26835898801852265,0.7253240631466256,0.33789220728583397,0.31191381986221484,1.01533089107912,1.01533089107912,0.33789220728583397,1.01533089107912,-0.35023870069603685,-0.23023870069603686,-0.02597838742361913,-0.03506418325543258
2.274185030318401,0.08023817683137226,1,0,-1.3812702039665128,0.7817862100870512,0.5753473318075695,0.42218666143744,-0.3485869659549873,-0.8067462514455923,0.5517282690437805,0.08023817683137226,0.07406917263730117,0.2700722566064473,0.2700722566064473,0.08023817683137226,0.2700722566064473,0.6040158604061481,0.7240158604061481,-0.006169004194071084,-0.01856003256644681
-0.23307515911902602,0.018220493294069807,0,1,-1.6205347476136025,-6.124538389712908,0.42644741619827503,-0.5608990908438263,1.1094241891920569,-0.8828655145476005,-0.5835233787910404,0.03905201605948558,0.036049554383864556,0.018220493294069807,0.018220493294069807,0.036049554383864556,0.018220493294069807,0.22240414576843417,0.34240414576843414,-0.0030024616756210223,-0.0239368303537785
0.34780868217258,0.17480086079628868,1,0,-2.9333036147555434,4.3538468149912655,1.636425212341665,0.8685819377339127,-0.3580093058910226,0.2873807096435505,0.15479224452383833,0.17480086079628868,0.16136153196350894,0.25050460267932745,0.25050460267932745,0.17480086079628868,0.25050460267932745,0.5367246656763197,0.6567246656763197,-0.013439328832779734,-0.019411608793086683
-1.4148321576237166,0.6214071805335004,0,0,2.8934068453177253,-7.581258132825428,-2.7456138649773782,-0.9064739494733817,-0.050846617109281525,-0.3566114765593062,0.24710256483042056,1.2346599477937936,1.1397347800373212,0.6214071805335004,0.6214071805335004,1.2346599477937936,0.6214071805335004,-1.310768743548301,-1.190768743548301,-0.09492516775647242,-0.06652205529968881
0.9968715702263206,0.10738548145828246,0,0,0.16219782454181775,-6.436627469309567,1.12948231294792,-0.32153578465392746,-1.0576547961228648,0.32485165851104525,-0.3266233335678035,0.4586527364764404,0.42338983835636423,0.10738548145828246,0.10738548145828246,0.4586527364764404,0.10738548145828246,0.6614085828037279,0.7814085828037279,-0.03526289812007616,-0.017863306042536633
0.04147253635172418,0.11540070227892796,1,1,6.176640001352622,8.466918322386356,-0.15606350082190265,-0.29177371915307865,2.2418378000109858,-2.240704260997945,-0.38833390313264615,0.12501208837937078,0.11540070227892796,1.4679753923350596,1.4679753923350596,0.11540070227892796,1.4679753923350596,-0.19635851362900236,-0.07635851362900237,-0.00961138610044282,-0.03164541897657291
-0.061467411188287,0.30591915443350576,1,0,-5.157807123522182,-2.0968838599036834,-0.0036890256483920517,-0.7811424922827788,0.899825832128283,0.8132576787196394,-0.04775461848854061,0.30591915443350576,0.28239897213034687,0.7043001163929471,0.7043001163929471,0.30591915443350576,0.7043001163929471,0.7429891441795714,0.8629891441795714,-0.023520182303158887,-0.016917720555579094
-1.9373851149029537,0.11910390535783569,1,0,-3.111578248093566,-3.905618797286828,-0.27067375534369414,-0.111956834231647,-0.10478665364781072,-0.07837302812576266,-0.1879991015167995,0.11910390535783569,0.10994676195430494,0.43745208668373836,0.43745208668373836,0.11910390535783569,0.43745208668373836,-0.36681285596297647,-0.24681285596297647,-0.009157143403530743,-0.035453771133422796
0.07379681384742741,0.006899608496872854,0,0,-3.78219510659498,5.990185251040806,0.2524493145923928,0.7532120648278651,-1.2302601475985768,-1.050663899233149,-1.7485180294835236,0.07729631984881637,0.07135349636797216,0.006899608496872854,0.006899608496872854,0.07729631984881637,0.006899608496872854,0.4238217996706376,0.5438217996706376,-0.0059428234808442115,-0.020929085784589768
0.8458283238165741,0.2726439347124013,1,0,-3.8525606803570485,-3.2093350476116456,0.8663974003575995,0.25032329319046315,0.5052675159327706,-1.4294982383634685,1.7849481228801383,0.2726439347124013,0.2516820728761883,1.2001878131249415,1.2001878131249415,0.2726439347124013,1.2001878131249415,-0.1896556434918561,-0.0696556434918561,-0.02096186183621296,-0.031504324368411496
-0.2362786354831887,0.2462683751779849,1,1,-0.3652778971836586,-3.672717386241706,-0.6088509081453577,0.16820580711125588,0.8543846606783719,-0.9869797557960719,-0.5463243585126668,0.26677934600763575,0.2462683751779849,0.4849211254735866,0.4849211254735866,0.2462683751779849,0.4849211254735866,-0.07724208856263548,0.042757911437364515,-0.020510970829650865,-0.029229616179597226
1.1741993456441506,0.004750149605425605,1,0,8.940107032641055,3.328372412707724,0.17917177460087425,2.857473075464706,0.3011247428520243,1.6063611506307183,1.2056731451919556,0.004750149605425605,0.0043849407485504035,0.026091811729314567,0.026091811729314567,0.004750149605425605,0.026091811729314567,3.662638787599278,3.782638787599278,-0.00036520885687520155,-0.002415553686387989
1.1328951718913625,0.14302910558413937,1,0,-0.8785798996615668,-9.36507520372324,0.36801003649451874,-0.9891957716306787,1.059753610818235,-1.498110341648047,1.600875123677092,0.14302910558413937,0.1320325053737791,0.4023796577289656,0.4023796577289656,0.14302910558413937,0.4023796577289656,0.26856521179230175,0.38856521179230175,-0.010996600210360252,-0.023211416490810616
-0.6410953827408479,0.0357352347666282,1,0,-0.7645465946335777,0.4384826605109229,0.2000053082182553,-2.650223547298176,-0.34050609503183893,0.6539478209229405,-0.2370238730397667,0.0357352347666282,0.03298777935503851,0.7460066911042559,0.7460066911042559,0.0357352347666282,0.7460066911042559,2.657636013913951,2.777636013913951,-0.0027474554115896957,-0.004720573892855421
1.5951138587973928,0.1820546832318628,1,1,-4.012603865755054,-2.726026563419141,0.7150058109935733,-0.8500241677122955,-1.3059823727876074,-0.07144540304760538,0.031565667289914785,0.19721748395473807,0.1820546832318628,0.5379854817773204,0.5379854817773204,0.1820546832318628,0.5379854817773204,0.8752590228523931,0.9952590228523931,-0.015162800722875264,-0.015489799446401754
0.04529496432508237,0.19596329748015853,1,0,-7.630303985484967,6.600029922107701,-0.3483843510623214,1.2272911466421925,-0.8502073751390576,0.31316560733234944,0.06796997116362523,0.19596329748015853,0.1808969231957614,0.4608927607604657,0.4608927607604657,0.19596329748015853,0.4608927607604657,0.7496507700639404,0.8696507700639404,-0.015066374284397138,-0.01684275412812019
0.049745250787830674,0.212498624742179,1,0,-2.9241576438767813,3.4158537771318027,-1.5567159521360834,-1.3190301836685123,0.011911016248631409,1.981199998686964,0.579269811898811,0.212498624742179,0.19616095408418505,0.7109175421670921,0.7109175421670921,0.212498624742179,0.7109175421670921,0.891565610992753,1.0115656109927529,-0.016337670657993963,-0.01532232091031908
0.0989812226027311,0.008844794014294053,1,0,0.37395721461181264,3.1291762279323536,-1.7256348251446327,-3.1104880651193376,0.7330535930043798,-0.09621348292819902,1.1412659695103695,0.008844794014294053,0.008164773935017512,2.4488512150637667,2.4488512150637667,0.008844794014294053,2.4488512150637667,2.8201793442209118,2.940179344220912,-0.0006800200792765419,-0.00423578283318315
0.06931575094112594,0.13548668961735508,0,1,-1.6001565698108722,-11.770973149836413,-0.8807179207114415,0.3502124978585262,0.8461734630278627,-0.44746363820648183,-0.4260855702310654,0.2164720248105744,0.1998288646380546,0.13548668961735508,0.13548668961735508,0.1998288646380546,0.13548668961735508,0.12078491550747815,0.24078491550747816,-0.016643160172519794,-0.025614649791266264
-2.6301333566585083,0.15898293824461704,1,0,-5.613657990718447,-5.123124892736317,0.025262831098390486,0.5426763465603288,-0.014334004511910938,0.9739963377594865,-0.46193518926703,0.15898293824461704,0.146759749090183,0.2924500230512259,0.2924500230512259,0.15898293824461704,0.2924500230512259,-0.010343878522528355,0.10965612147747164,-0.012223189154434044,-0.027954652432652514
-0.18550639818972076,0.060641234774388895,0,1,-8.790350833958437,-8.313867704117904,-1.3283952054631096,1.9769753681131799,-0.6046337365424463,-0.5684420837177473,-0.06580332107218435,0.46786514602634977,0.4318939642014938,0.060641234774388895,0.060641234774388895,0.4318939642014938,0.060641234774388895,0.9562559661537888,1.0762559661537887,-0.03597118182485598,-0.014675563224613428
-1.3639464716624543,0.12063781100871566,1,1,-4.815666582897834,-2.2974964893368686,0.06718110965398118,-0.38668364248828285,-0.01743389694900904,-0.03976223142817396,0.17481932702080696,0.13068538053835743,0.12063781100871566,1.44672697734261,1.44672697734261,0.12063781100871566,1.44672697734261,-0.15664766436782793,-0.03664766436782793,-0.010047569529641767,-0.030818633737714422
1.6263357022156766,0.12997110422381553,1,0,3.9211580596381497,-14.586988068492692,-2.357487458987316,1.8808763070078494,-0.14728831353455754,0.5806226194469853,-1.3781013415340242,0.12997110422381553,0.11997845086692524,0.13768266967679205,0.13768266967679205,0.12997110422381553,0.13768266967679205,1.5505686964727827,1.6705686964727828,-0.009992653356890285,-0.009874693358189269
1.5860829917212003,0.11275700267996014,1,1,-2.90150161858135,-9.176091181517869,-0.4710002612492502,-0.6723158663204145,1.4697237645085452,-0.5858136068358828,0.7580799869400913,0.12214820279299145,0.11275700267996014,0.22153293678528804,0.22153293678528804,0.11275700267996014,0.22153293678528804,0.5917361060845344,0.7117361060845344,-0.009391200113031309,-0.018712597962992177
0.8519383324555878,0.361076669788855,1,1,-1.0373866007093082,9.523120333364867,-0.6504204526731951,-0.45261893965394406,-0.24555016520068595,1.2838451268293003,-1.8898526590301186,0.39114968682140805,0.361076669788855,0.49645825777345254,0.49645825777345254,0.361076669788855,0.49645825777345254,1.2023969509334806,1.3223969509334808,-0.03007301703255305,-0.012454596542775162
-0.23846743733888845,0.044991087788237995,1,0,1.4687853145243137,3.096315855329802,-1.3156635552744327,-1.9473051656898168,-1.0875021197614503,-0.8116000511921072,-1.614481254090389,0.044991087788237995,0.041532008579038646,1.1876965065349745,1.1876965065349745,0.044991087788237995,1.1876965065349745,1.0899509575047799,1.20995095750478,-0.003459079209199349,-0.0134241288829697
-1.0080149366036986,0.08282666171080653,1,1,-4.581742492500404,-4.179519212865071,-0.734147746614669,-2.014714480933415,-1.0179887237676812,1.2004203999102006,0.40358807028110283,0.08972505149000538,0.08282666171080653,1.0577382228244894,1.0577382228244894,0.08282666171080653,1.0577382228244894,1.3643992639366893,1.4843992639366892,-0.006898389779198849,-0.011179572320264326
-0.6575810012756048,0.3457166796292906,1,0,0.7932013429459941,-6.657509315719493,0.18746767217252772,-1.0027785562791145,-1.536084959044724,-1.1391560755342807,-0.043209826896014984,0.3457166796292906,0.31913671818430983,1.1915448854320594,1.1915448854320594,0.3457166796292906,1.1915448854320594,-0.02716294955062437,0.09283705044937562,-0.02657996144498076,-0.02826986384107377
1.942641906426033,0.2479281432533775,1,0,-4.601495014913467,-5.046006045181192,0.8681767797266683,0.9023674171353204,0.630612362483333,-0.7375568640679442,0.024549832403988035,0.2479281432533775,0.22886652176648029,0.6643004077102087,0.6643004077102087,0.2479281432533775,0.6643004077102087,0.8932738387533501,1.0132738387533502,-0.019061621486897218,-0.015304881499741794
-0.6921973865199604,0.5702670326997932,1,0,4.20330324136322,0.4215361739032504,-0.3213425300372459,-0.20118976349475026,2.037127896959813,-1.7620002370036125,-0.23467681592226086,0.5702670326997932,0.5264228196905811,1.1671192335135636,1.1671192335135636,0.5702670326997932,1.1671192335135636,-0.3767660744620963,-0.2567660744620963,-0.04384421300921204,-0.03568980612379666
-2.3555953543860637,0.2903125965685551,0,1,-1.5884081094051796,-5.750534852974262,1.2117489071961567,-1.4658914950335382,-0.6437474252662504,-0.5290384975676395,-0.2232897220539845,0.3977047814955996,0.36712778483471326,0.2903125965685551,0.2903125965685551,0.36712778483471326,0.2903125965685551,0.1848593787725072,0.3048593787725072,-0.03057699666088637,-0.024543526581529796
1.0301655084853936,0.42595296672411365,1,0,1.7105618568579937,12.564924660996104,-1.5959571596062172,0.5952860603380394,0.6662872825131441,0.5083753250179477,-0.8703736742910814,0.42595296672411365,0.39320414637491213,0.6833631752331001,0.6833631752331001,0.42595296672411365,0.6833631752331001,0.6149014079477315,0.7349014079477315,-0.03274882034920151,-0.01842582936926917
1.5005031136178935,0.11558032663902312,1,0,7.516927883254293,0.10093775277497596,0.08651079078729512,-0.8994402395690875,-0.3325966607715127,2.153467927170878,0.09569537759625597,0.11558032663902312,0.10669408884118897,0.25765079253264445,0.25765079253264445,0.11558032663902312,0.25765079253264445,1.5986488345660153,1.7186488345660154,-0.008886237797834151,-0.009563194582319128
1.6592156871665222,0.14559268692415436,0,1,0.5858586752749728,3.979457851765602,-1.1875265759871734,0.18033534066391385,-1.3517959260633097,-1.1990103925150117,-1.041123135948791,0.2871439690598083,0.26506729160544745,0.14559268692415436,0.14559268692415436,0.26506729160544745,0.14559268692415436,0.2624985274127939,0.3824985274127939,-0.02207667745436087,-0.023305484147412046
1.0383480042493285,0.16524682590814233,1,0,-2.0076215275231366,-9.082885535977471,-0.4443094521956835,0.9369689955892015,0.5783981980168391,0.5229953282473283,-1.0989245655905424,0.16524682590814233,0.15254204618431283,0.1747955767480836,0.1747955767480836,0.16524682590814233,0.1747955767480836,1.2059972268818204,1.3259972268818205,-0.012704779723829496,-0.012424739065908063
1.2015196772347811,0.14447280793772274,1,1,8.376891528435385,-0.4197304149054739,-0.5413143554356487,0.27200110688318835,-0.6283199853884129,-0.2783664403010984,0.4413586925299495,0.15650552446962313,0.14447280793772274,0.25857842448961477,0.25857842448961477,0.14447280793772274,0.25857842448961477,0.3641864532520612,0.4841864532520612,-0.012032716531900384,-0.021777923069925764
0.05293407405354185,0.3240673852500529,1,1,9.741272370702122,0.9599769680304996,-0.348772681201302,0.22605958910202525,1.5927284560195685,-0.17185879898699755,1.1793378097192062,0.3510580074966209,0.3240673852500529,2.5175210869596665,2.5175210869596665,0.3240673852500529,2.5175210869596665,0.054138610923737146,0.17413861092373714,-0.026990622246568008,-0.02677839257176629
-2.076295623491663,0.5570233309236896,1,1,-6.366002183150194,-5.222376227596765,0.5593700673073582,-1.4672419934867666,-1.1021370292635242,-0.8335958830698964,-0.8548349169327834,0.6034161707828619,0.5570233309236896,3.0130368707009056,3.0130368707009056,0.5570233309236896,3.0130368707009056,0.266672255566064,0.386672255566064,-0.04639283985917231,-0.02324072711173885
0.027881041500013633,0.07172334721812859,1,1,-0.5966894356843001,-4.127928647229086,-0.0902897461068142,0.6146440480818223,1.2551584167047227,0.30817508872508226,-0.4456795560532098,0.07769697449175941,0.07172334721812859,0.34258304068380047,0.34258304068380047,0.07172334721812859,0.34258304068380047,0.6260080350047534,0.7460080350047534,-0.005973627273630822,-0.018289900683357146
0.621572772419417,0.03300914811160732,0,1,7.0591419661044466,3.559374768817009,-2.0822412436298743,0.07058957541733794,0.025770193694991287,0.18292875353895768,2.1062402977033328,0.5314633821203889,0.49060253554125793,0.03300914811160732,0.03300914811160732,0.49060253554125793,0.03300914811160732,-0.5824070348326862,-0.4624070348326862,-0.04086084657913097,-0.04093392080436443
-0.13527005656625035,0.18211065055779366,1,1,-1.4138834425216527,11.396433313675573,1.2405965461930721,0.7850609182499858,-0.9620771300715998,-0.5129947491967435,-0.09484460692850216,0.19727811263513137,0.18211065055779366,0.37321355299703257,0.37321355299703257,0.18211065055779366,0.37321355299703257,0.19914474713142355,0.31914474713142355,-0.015167462077337712,-0.02431089387575013
-0.18083611873961508,0.08477698798054452,1,1,3.2456022644391567,1.2610709406670397,-0.7754071240103536,0.5004645249851181,0.35690884921570454,-1.0883077930546925,1.1968167090961244,0.09183781471575928,0.08477698798054452,0.5155805103574796,0.5155805103574796,0.08477698798054452,0.5155805103574796,-0.4144989005574406,-0.2944989005574406,-0.007060826735214756,-0.03659897822458656
-0.9641180390183223,0.050789724182823626,0,0,3.2739282436857864,6.878076971516854,0.1023103338088603,-1.7290711467422513,-0.051342858344969454,0.28120645592290483,0.9727923614357405,0.09247585207573852,0.08536597069714674,0.050789724182823626,0.050789724182823626,0.09247585207573852,0.050789724182823626,0.8677209098357153,0.9877209098357153,-0.007109881378591781,-0.015567837942387615
-1.001738743272026,0.14393052949563984,0,1,-4.653560470655911,3.512932433662267,-0.3374764031266163,0.8279382674472072,0.1871419867702157,-1.3150546090375794,-1.4151667734825137,0.2933334664494108,0.2707809178217069,0.14393052949563984,0.14393052949563984,0.2707809178217069,0.14393052949563984,-0.015367162166893267,0.10463283783310673,-0.022552548627703894,-0.028048425460086023
1.8381485147660699,0.09049702663165055,0,1,4.1553044923367946,9.959394129380737,1.1225598701493487,1.195984178381769,0.32290923040472297,1.4957067211800286,1.0566098490416067,0.1054115087859328,0.09730708685757306,0.09049702663165055,0.09049702663165055,0.09730708685757306,0.09049702663165055,1.5010450419306536,1.6210450419306537,-0.00810442192835975,-0.010206155591888283
1.8743463698801421,0.04259966085122341,1,1,3.2903590305938213,-2.6387856473824822,0.6836287294797211,-0.9113114887336718,1.7314287510323434,0.536301432208273,-0.38583877461162164,0.04614766168746953,0.04259966085122341,0.4113662418596903,0.4113662418596903,0.04259966085122341,0.4113662418596903,1.4258565833004038,1.5458565833004037,-0.0035480008362461235,-0.010730784500144147
-0.0026471312461035243,0.04562370701359371,0,1,-6.71389340739863,-1.1795703919325606,-0.668270005305298,0.2567837815138569,-1.6710590848384548,0.6996732753528626,-0.9535708146940268,0.10057154141448048,0.09283923386100744,0.04562370701359371,0.04562370701359371,0.09283923386100744,0.04562370701359371,0.43115597730611255,0.5511559773061125,-0.007732307553473039,-0.020827003795180037
0.28152360509292695,0.3666223071689774,0,1,-4.144039551321775,-0.7072418881998408,0.37060810882428674,-0.5216203373581595,-0.26441871272470363,-0.7569098727650648,-0.16122943118080152,0.4878913542320939,0.4503804843523584,0.3666223071689774,0.3666223071689774,0.4503804843523584,0.3666223071689774,0.2457249279505104,0.36572492795051037,-0.03751086987973551,-0.023567557961111915
-0.9808580570370188,0.19571471255128486,1,0,-5.21772706337233,2.3180408270314654,1.889379546017354,1.3850596270486406,0.3544789549954567,-0.025294265564952366,0.844201190692885,0.19571471255128486,0.1806674503844527,0.2924473565595033,0.2924473565595033,0.19571471255128486,0.2924473565595033,0.312077914107741,0.432077914107741,-0.015047262166832165,-0.022547761202773155
0.6425748499394539,0.10839296262118996,1,1,6.20792868005758,7.516860994940464,1.1299703941075565,-0.8298183822075292,-0.0774388676322022,-1.8219582295680803,1.123102110260895,0.11742069463451024,0.10839296262118996,0.277828367253489,0.277828367253489,0.10839296262118996,0.277828367253489,-0.09801055926509977,0.021989440734900223,-0.009027732013320286,-0.02963713379351338
1.7596491716141998,0.09145769326836295,1,0,5.678129524694636,3.8562129263432436,2.0650242577008555,0.0800826246230855,-2.1250101249030164,0.6088905165770311,-0.9040891661490803,0.09145769326836295,0.08442609165884082,0.20437706378966358,0.20437706378966358,0.09145769326836295,0.20437706378966358,0.6947797570308132,0.8147797570308132,-0.007031601609522126,-0.017470281154865323
-1.5292307799446934,0.0472554381871675,0,0,1.1031651924912054,4.295853209450802,-0.66334944166446,0.6265763897910038,0.2545541255127244,-0.4881087753386017,-0.6496056326016644,0.767560421826115,0.7085475722271082,0.0472554381871675,0.0472554381871675,0.767560421826115,0.0472554381871675,-0.2444364305749863,-0.1244364305749863,-0.05901284959900677,-0.032676146362296994
0.4638832997023938,0.012903837671722764,0,1,2.8039082559290485,-2.893840944513681,0.12583605522083274,-0.4094655525123675,-1.1092371336030074,-0.33256318147836006,0.33959262325518413,0.3015645240321737,0.278379141624405,0.012903837671722764,0.012903837671722764,0.278379141624405,0.012903837671722764,0.23837607749813353,0.3583760774981335,-0.023185382407768684,-0.0236833042362736
0.5390222426450403,0.21467258349366686,1,1,4.085719861549792,8.054738187142595,-0.17810346681963335,-1.4135085982481852,0.9890646213755394,-2.7388114369433336,-0.4463651550284352,0.2325520334830621,0.21467258349366686,0.599403234774699,0.599403234774699,0.21467258349366686,0.599403234774699,0.39395691361610274,0.5139569136161027,-0.017879449989395252,-0.021349958158302606
0.5276065148892575,0.28280938681956697,1,0,1.8951499333928425,7.600797742144592,-0.6201984545539159,0.14817887787141484,0.5616618078027354,1.1267648082610353,-0.7124048733521602,0.28280938681956697,0.2610659678847234,0.5372395177277015,0.5372395177277015,0.28280938681956697,0.5372395177277015,0.8242326983438188,0.9442326983438188,-0.02174341893484355,-0.01602578931343725
1.6428176678484692,0.0565057635140123,0,0,2.8375983429826257,7.159999164337873,0.5865823373334818,0.1958183878814611,-1.7115393751832233,1.9005402554341098,-1.4387751272401994,0.07767576771948488,0.07170377089998788,0.0565057635140123,0.0565057635140123,0.07767576771948488,0.0565057635140123,1.5074969172845882,1.6274969172845881,-0.005971996819497005,-0.01016235063830927
2.0360182121711525,0.21605159124118334,1,0,5.515136153034966,4.1567833770530145,0.41949727230971495,0.3899599441977477,0.2756367823290771,-0.4945768821616075,0.8272526511405023,0.21605159124118334,0.19944075553758006,0.41057171022444205,0.41057171022444205,0.21605159124118334,0.41057171022444205,0.625328555887272,0.745328555887272,-0.016610835703603277,-0.018298187630534743
-0.23348367787266236,0.33885447260093426,0,0,-6.552941005193165,5.551840103271758,-1.5603674739430955,-0.06582878867392292,-0.5638746765524585,-0.6772979420670315,0.42874778745354575,0.6802467501260152,0.62794689461771,0.33885447260093426,0.33885447260093426,0.6802467501260152,0.33885447260093426,-0.6039574794666974,-0.4839574794666974,-0.05229985550830518,-0.041526261815680074
0.6731736721563578,0.2424046264862693,1,1,-2.9463739780959304,-6.027633748246307,1.0774785427196831,-0.34325576183686607,0.7806810899257774,0.04974066544459848,-0.8927322092380086,0.26259379701715424,0.2424046264862693,1.1097066805193818,1.1097066805193818,0.2424046264862693,1.1097066805193818,0.7156938669120095,0.8356938669120095,-0.020189170530884953,-0.01722838781500232
0.08423370572605937,0.09351284612660714,1,0,-4.794490906261641,1.696633850647898,-0.25795209324106383,-0.2994858907916149,-0.6966599125054466,0.42848292865583376,0.23464618770475926,0.09351284612660714,0.08632323685660924,0.1445019675028112,0.1445019675028112,0.09351284612660714,0.1445019675028112,0.3138096355363364,0.4338096355363364,-0.007189609269997899,-0.022521745262288756
-0.6321152929396958,0.0859668231969186,0,0,5.795880879979691,1.5764281276137704,-1.590649698269418,-1.6515259952393577,0.4246844532057544,-0.8152864287945346,0.302041155100324,0.0959542861290255,0.08857697003156387,0.0859668231969186,0.0859668231969186,0.0959542861290255,0.0859668231969186,0.2009416089409768,0.3209416089409768,-0.007377316097461631,-0.02428178910047598
0.27081415688101457,0.05605207379785727,1,1,8.067686848924824,-9.613733372057043,0.7809315781091883,-1.2709528374055592,-1.411537254576185,1.6744316823952952,0.351570782962459,0.060720486661581176,0.05605207379785727,1.2454612423846878,1.2454612423846878,0.05605207379785727,1.2454612423846878,1.2565593892572386,1.3765593892572388,-0.004668412863723909,-0.012012904689727575
0.671499528500248,0.07303651546015985,1,0,-8.45427216576586,5.251508394030319,-0.41924065667327093,-0.9339404526462636,-0.5104408489072796,-1.1905723361133103,0.8834121740905903,0.07303651546015985,0.0674212013043938,0.2765563949908423,0.2765563949908423,0.07303651546015985,0.2765563949908423,0.14356984968482933,0.2635698496848293,-0.005615314155766049,-0.025228504574136723
0.21692868541698562,0.04345993329858548,1,0,7.4243111458690425,-8.201290605931318,-0.7767511536063209,1.093534588216267,-0.40062891977001125,-1.0433501836173147,-0.4263015880138014,0.04345993329858548,0.04011857484079712,0.06585750454755639,0.06585750454755639,0.04345993329858548,0.06585750454755639,0.3108119836294071,0.4308119836294071,-0.0033413584577883654,-0.022566798500358132
-0.8811812094861174,0.46234896121923147,1,0,-1.115178688341269,-4.608473172501319,-2.624166777501417,-0.12076857667400692,-0.17011919113015858,0.8247427465479676,-1.8863049279833795,0.46234896121923147,0.4268018838363532,0.75348166907649,0.75348166907649,0.46234896121923147,0.75348166907649,-0.5602997259738024,-0.4402997259738024,-0.03554707738287827,-0.04033505221551606
-0.4635606398556775,0.6175303551566415,1,0,4.235946259683233,-0.8848940272742882,1.1618663608635478,0.820599294997656,1.2520435636986627,-0.05272137600413741,1.0138968341027554,0.6175303551566415,0.5700523652350404,0.9638245117553328,0.9638245117553328,0.6175303551566415,0.9638245117553328,0.19708924576294548,0.3170892457629455,-0.047477989921601016,-0.02434423076229243
-0.4559074201746574,0.1879867867294182,1,1,1.4576467992871323,-4.992065679124097,-1.4712440349069051,0.713047565204533,-0.7711627620999453,-1.6514018324229363,-1.1241405181643607,0.20364365495774928,0.1879867867294182,0.3414208827847871,0.3414208827847871,0.1879867867294182,0.3414208827847871,-0.48769851006104803,-0.36769851006104803,-0.015656868228331067,-0.03842929511375568
-0.8424439549307043,0.17538431621915257,0,0,5.682866151599997,-0.17580133908095308,0.005531138629270573,-0.8242992082176034,0.37607353169579993,-1.8082375550040173,-2.1270975436158617,0.22383193210159097,0.2066229153662822,0.17538431621915257,0.17538431621915257,0.22383193210159097,0.17538431621915257,0.08691207197040912,0.20691207197040912,-0.01720901673530878,-0.026199657573590857
0.31353958160566875,0.30676818677437384,0,0,0.8133181306226253,1.2958725009430059,1.372387434143576,0.9038001294014344,-1.0492968359138075,-0.002999643470539514,1.0195070602013239,0.3164713333601199,0.2921398609875009,0.30676818677437384,0.30676818677437384,0.3164713333601199,0.30676818677437384,0.3169881597656779,0.4369881597656779,-0.024331472372619012,-0.02247407184849232
0.4181120962930776,0.028609643490609443,1,0,-5.569984867467249,-5.539173227988132,0.41920060829060546,0.1482230961834784,1.095154081312597,-0.7307124752012204,0.0311784486646287,0.028609643490609443,0.026410029570475585,1.0710836072117953,1.0710836072117953,0.028609643490609443,1.0710836072117953,0.25850480578456436,0.37850480578456436,-0.0021996139201338576,-0.023367617235524465
0.9795176008871962,0.2874738344014901,1,0,0.9732905374207117,5.757259244670634,-0.017848638292391635,-0.27276204767104256,-0.3898055114207521,0.07286823782849074,0.03440749598552754,0.2874738344014901,0.2653717956944603,0.5655039189769807,0.5655039189769807,0.2874738344014901,0.5655039189769807,0.5749423887249552,0.6949423887249552,-0.022102038707029814,-0.018923277849327323
-0.8576223481606312,0.09266737981599464,1,0,0.7189489163383769,-6.352913428393752,-1.0484276425345258,0.8017959099004475,-0.9763852077662583,-0.2182334445471739,-0.2952804727200515,0.09266737981599464,0.08554277308496365,0.3168606922914369,0.3168606922914369,0.09266737981599464,0.3168606922914369,-0.14025833553504743,-0.02025833553504744,-0.007124606731030991,-0.030483735506857675
-0.5774786862287933,0.11401911914713948,1,0,-0.24721101648879518,15.89576601404136,0.35810361265921586,-2.119103940217333,0.8909098149294582,-0.6769903476121641,1.2199632947770542,0.11401911914713948,0.1052529126853299,5.271981868251383,5.271981868251383,0.11401911914713948,5.271981868251383,1.2349744026064182,1.3549744026064183,-0.00876620646180959,-0.012187020035923812
1.5545694519312379,0.3290056327294147,0,0,6.633357922537485,1.041593625950403,-0.4781649245161544,-0.04884358573401051,1.9137860400684237,-0.27733820879366844,1.2388498846734588,0.653512112370799,0.6032677134911445,0.3290056327294147,0.3290056327294147,0.653512112370799,0.3290056327294147,0.45956377190807274,0.5795637719080727,-0.050244398879654484,-0.020436282486281238
-0.1644958640729202,0.07352889082763983,1,0,-1.1269267663192062,-9.268391956993087,0.03904508556456009,0.4154188302934896,0.0699585894113745,0.8478516263001241,-0.6855316128530513,0.07352889082763983,0.06787572105467268,1.2163470138296915,1.2163470138296915,0.07352889082763983,1.2163470138296915,0.6464437697869317,0.7664437697869317,-0.005653169772967148,-0.0180424120092767
0.03013102925163394,0.1697774713873254,1,0,-1.9776785430221187,-7.016139050505805,-0.9840485230191854,-0.6385761903770217,0.09971037632409105,-0.22081878555032944,0.7102748764711765,0.1697774713873254,0.1567243590858294,0.23070826427323177,0.23070826427323177,0.1697774713873254,0.23070826427323177,-0.01821657620119954,0.10178342379880045,-0.013053112301496,-0.02810175715016819
-0.17510372139564934,0.2743116915532018,1,1,-4.554124454123776,9.015348763261134,1.30473169982152,-0.9758383372350086,-0.7339487916139326,-1.436239418312854,2.030372990759104,0.2971583079716257,0.2743116915532018,0.4625454105576402,0.4625454105576402,0.2743116915532018,0.4625454105576402,-0.3697238046196398,-0.24972380461963978,-0.022846616418423893,-0.03552264067534542
1.1330308187216436,0.06270722456683998,0,0,-0.6599944998338882,-0.8001638208536113,0.30466949912182684,0.47980232005157775,-1.3402083850310482,-0.0011699890068746332,0.5092479844130853,0.17443050986139017,0.16101965496160453,0.06270722456683998,0.06270722456683998,0.17443050986139017,0.06270722456683998,0.5250145997520643,0.6450145997520643,-0.013410854899785635,-0.019563742665441086
1.1718086807150292,0.24718873107451061,1,1,2.8186919987293564,-8.745157484030337,-0.252757690534425,1.0757056248263945,2.3118311256428297,-0.9470628270939518,-1.0220872459766968,0.2677763556480005,0.24718873107451061,0.5970608787077029,0.5970608787077029,0.24718873107451061,0.5970608787077029,1.020307172773082,1.140307172773082,-0.020587624573489893,-0.014062095856189567
1.113208100588848,0.1541517033902106,0,1,-7.836682406018018,7.725632223967369,-0.8777560655285767,1.6061991600164907,1.0423553170296844,-0.13552781779364848,0.03655966440087428,0.22158758975568174,0.20455112625988564,0.1541517033902106,0.1541517033902106,0.20455112625988564,0.1541517033902106,1.3174342144379705,1.4374342144379706,-0.0170364634957961,-0.011535142508506863
0.026567611357547892,0.1272028408502465,0,1,-3.734045177519479,-2.639666006295145,-0.8165436261967214,0.8900271577431841,-0.3799018241085537,-0.2600765394549993,0.6087897715292568,0.8444018008907845,0.7794811053205966,0.1272028408502465,0.1272028408502465,0.7794811053205966,0.1272028408502465,0.14183483524518825,0.26183483524518825,-0.06492069557018798,-0.025257702670405405
-0.8724359774890017,0.6478665984615413,0,0,-10.26749082508263,3.2621869966507666,-0.18799493808322118,-0.2349659934978464,0.010575205529075074,0.7953554137930766,1.6464930754838332,0.6511721393248968,0.6011076461223681,0.6478665984615413,0.6478665984615413,0.6511721393248968,0.6478665984615413,-0.10507367858878405,0.014926321411215943,-0.050064493202528704,-0.029777016612998766
1.9252130777592544,0.24538068271146882,1,1,-0.2369105104395839,10.129165379771367,0.585486232246082,0.803314223624267,-0.19985406210112439,-0.707797863168717,0.6539862322351151,0.2658177202385864,0.24538068271146882,0.5526444633880925,0.5526444633880925,0.24538068271146882,0.5526444633880925,0.698435845550708,0.818435845550708,-0.02043703752711759,-0.017427751077583476
0.8563089769555172,0.11453013714076618,1,1,7.321264601036,3.3888597720601235,0.17124082460057136,-1.4226286487497493,-0.32806962342559803,-0.08289702348155359,-0.5104578670284787,0.12406901642363147,0.11453013714076618,1.2528604919640505,1.2528604919640505,0.11453013714076618,1.2528604919640505,1.2695541658219018,1.389554165821902,-0.009538879282865287,-0.01190928417139734
-0.45665898139238964,0.3926669180912246,0,0,-6.512884556326335,16.17954276895309,1.4817355945421273,0.47983903690221674,1.3731749178886479,0.26342526165215957,0.08138783642507771,0.5353619173069805,0.4942013370989641,0.3926669180912246,0.3926669180912246,0.5353619173069805,0.3926669180912246,0.2727966577896708,0.3927966577896708,-0.041160580208016384,-0.023146030190103
1.423818846944411,0.22587844568469706,1,1,5.774317155029426,-9.919069839554245,-0.9365978176102492,0.01192953319656672,0.013053925675440194,-1.3671138840342332,-0.5395274697703949,0.24469119907675282,0.22587844568469706,0.2685936942700385,0.2685936942700385,0.22587844568469706,0.2685936942700385,0.19962662498642042,0.3196266249864204,-0.018812753392055764,-0.024303085209162502
-0.5356089152590949,0.07327647614316482,0,1,13.084324283876752,-6.681896483309678,-0.3232825985163624,0.41347954405572146,0.46135011198570613,-0.5813184819652049,0.46886960254188487,0.5368870357156404,0.49560919883217325,0.07327647614316482,0.07327647614316482,0.49560919883217325,0.07327647614316482,-0.15301438649537977,-0.03301438649537977,-0.0412778368834672,-0.030744075630927965
1.4107034031886563,0.033097668400116895,1,0,9.416263185435675,-0.16088102936245252,-0.182078929348517,-2.8696200248549566,-0.4847020319515423,1.0789886401423785,-1.6818057566276796,0.033097668400116895,0.030552998727432307,0.15007236798371232,0.15007236798371232,0.033097668400116895,0.15007236798371232,4.053232247414362,4.173232247414362,-0.002544669672684588,-0.0018617797604359452
1.4782845893844914,0.016237176700953766,1,1,1.4673894337422277,19.066136253237026,0.11269120041554022,1.585261214185287,-0.7606129530104807,0.002149080427685861,-1.3040162572279212,0.01758952353569636,0.016237176700953766,0.060489235208374924,0.060489235208374924,0.016237176700953766,0.060489235208374924,1.7574131508670163,1.8774131508670164,-0.0013523468347425953,-0.008602724496787015
-0.9214827716810559,0.013826132041231483,1,0,2.3638793997293157,11.13534878006828,1.627231141663572,-0.08333262699661428,0.04662684279401815,1.3543004655056223,0.6614783946454811,0.013826132041231483,0.012763128494560806,0.02746780491525609,0.02746780491525609,0.013826132041231483,0.02746780491525609,0.1788595115396674,0.2988595115396674,-0.0010630035466706773,-0.0246418951170385
0.5817583030209609,0.09206137782641642,1,0,-5.648336634777504,10.374016683520388,-0.8756287324967398,-0.6472779240873159,0.49493130452329864,-0.62412105506294,-2.117243312120527,0.09206137782641642,0.08498336274244116,0.1848095631054206,0.1848095631054206,0.09206137782641642,0.1848095631054206,0.6378368166904917,0.7578368166904917,-0.007078015083975264,-0.018146236390882788
0.7821907039613288,0.28981522615311484,1,0,-5.552453744310267,-5.41005369285364,-0.05324079863907779,-1.4802126611248094,1.616281753563726,0.1767876377631527,-0.9051750567435755,0.28981522615311484,0.26753317269368,1.6297575461042637,1.6297575461042637,0.28981522615311484,1.6297575461042637,1.5520131200392036,1.6720131200392037,-0.022282053459434847,-0.009865189108445936
2.614909199586332,0.04762360899744722,1,1,5.300189459326188,-0.9184020541253997,-0.6986324146624537,-1.8893975878739204,-1.0994618867805037,1.0163232025406992,2.2317861454923915,0.05159003974294337,0.04762360899744722,1.2959743894928126,1.2959743894928126,0.04762360899744722,1.2959743894928126,1.922046286751018,2.042046286751018,-0.003966430745496151,-0.007708499344772688
-0.7423011176338571,0.2733539175274218,0,0,1.429592863500518,-6.60089158649448,0.7263965131989585,-0.09204253862102917,-0.4319593756539166,-0.9564958135763623,2.0597658993397405,0.8825794217069478,0.8147234911621475,0.2733539175274218,0.2733539175274218,0.8825794217069478,0.2733539175274218,-0.6426711843096338,-0.5226711843096338,-0.06785593054480032,-0.042611969095336315
1.432543276993829,0.07267339855483622,1,1,6.993937658962982,-3.383986721717086,-0.1887487018643749,2.1156298300625043,1.393519509610061,-1.7407964313462736,-0.6659523957592918,0.07872615281844211,0.07267339855483622,0.23710180152082574,0.23710180152082574,0.07267339855483622,0.23710180152082574,1.8646208583475128,1.9846208583475127,-0.0060527542636058945,-0.008009330303671392
0.017346018033554168,0.04107676381847772,1,0,-3.457038490003777,9.77425881817582,-0.6690451241738223,-0.07984636410573946,-0.060314253113753484,2.996239095398143,-1.0772278744747588,0.04107676381847772,0.03791863213749991,0.0410824256809356,0.0410824256809356,0.04107676381847772,0.0410824256809356,1.2280735685781958,1.348073568578196,-0.0031581316809778104,-0.012243216272151265
-1.2413641835805693,0.3316969895191474,1,0,-1.6419866451846106,-3.7662992317255832,0.22896993566438997,0.6165077424678032,-0.0015720044691961827,0.11018057778135802,-1.0448088943065872,0.3316969895191474,0.3061949130723616,0.940762934162074,0.940762934162074,0.3316969895191474,0.940762934162074,0.24737893417557197,0.367378934175572,-0.025502076446785815,-0.023541585025158046
-0.11998716983428719,0.060026026797308785,1,0,0.8059983392134373,-1.2822239049880966,0.10648619460268177,0.5113989961743719,0.3276005842711286,0.5702009039120914,1.412607900636232,0.060026026797308785,0.05541100654523798,0.916988263864034,0.916988263864034,0.060026026797308785,0.916988263864034,0.23886280749422034,0.35886280749422034,-0.004615020252070806,-0.02367562056657967
0.0024647610997071065,0.15151034436940047,0,1,-1.1685044414279706,6.283596402794289,0.9369665419143417,0.07129461349743696,-1.171758351883278,-0.6000052747111194,-0.21963115191741533,0.18949498992621086,0.17492592275925614,0.15151034436940047,0.15151034436940047,0.17492592275925614,0.15151034436940047,0.05582041649063979,0.17582041649063979,-0.014569067166954719,-0.026748385363872924
-1.058890193115289,0.13261074970308892,0,1,-2.3983163890912382,-13.094680624976073,0.25234583134144734,-0.4783327614993951,-0.9357331991843516,-1.188198689120337,-1.651177759055531,0.47756119434125777,0.44084454489634006,0.13261074970308892,0.13261074970308892,0.44084454489634006,0.13261074970308892,-0.08301540437317526,0.03698459562682474,-0.036716649444917704,-0.029342334162770167
0.31217361885152944,0.11076004790940785,0,0,-3.590766906476544,1.3138381961139323,-0.23495070377456886,-1.469665442070305,-1.0005256841573922,-0.3939018728443025,-1.3359173093914338,0.3358796392586095,0.3100559854180688,0.11076004790940785,0.11076004790940785,0.3358796392586095,0.11076004790940785,1.11850221854831,1.23850221854831,-0.025823653840540695,-0.01317102810126982
0.9578092554985818,0.09209114391449491,1,1,2.4711337471278565,-6.231360623177124,0.37975218849869696,0.7402230636056872,-0.5494270197753985,-0.43702730761000175,0.5374297701390774,0.0997611452499658,0.09209114391449491,0.7161481479061013,0.7161481479061013,0.09209114391449491,0.7161481479061013,0.49406095603869493,0.6140609560386949,-0.007670001335470883,-0.019971649673304837
0.23820065406201246,0.22393728591407552,1,0,2.177505960043913,-2.5350181284072817,-0.713995097234679,-0.7827339115972951,1.1964984781862904,0.8841877387127871,0.6015500023439195,0.22393728591407552,0.20672016919274083,0.7739745150433972,0.7739745150433972,0.22393728591407552,0.7739745150433972,0.622655664190864,0.742655664190864,-0.01721711672133469,-0.018330822747795253
-0.5418440893798766,0.27039661852826014,1,1,-1.5940211254917216,-5.8565958720975395,0.9256446213940929,-1.977278725367363,1.3538355467931074,0.3920621165837422,1.010781384005735,0.29291715999470325,0.27039661852826014,0.9229577037749276,0.9229577037749276,0.27039661852826014,0.9229577037749276,1.4311100593300616,1.5511100593300617,-0.02252054146644311,-0.010693267623729704
-0.148472068406966,0.06367222902781179,0,1,2.5868473075558134,-5.0143874422108805,0.3871617791163626,0.048924824680156194,-0.2753092123620546,0.36714437688620544,-0.3117479089045521,0.5347928115008689,0.4936759862265189,0.06367222902781179,0.06367222902781179,0.4936759862265189,0.06367222902781179,0.384967378318525,0.504967378318525,-0.041116825274349955,-0.02147829313309855
-0.0045433567934511625,0.012407626030359008,1,0,4.629571240089245,0.8579213472992908,0.8678761000651124,-1.5864566445522004,-0.5415758617942777,2.0448232484766464,-0.6260804635723924,0.012407626030359008,0.011453682408476724,0.9168961240282892,0.9168961240282892,0.012407626030359008,0.9168961240282892,1.8164030652843248,1.936403065284325,-0.000953943621882284,-0.008270974564389877
0.21732162748104863,0.3904144665983332,1,0,4.168702980622863,2.129498908290518,-0.23868372306347801,-0.8825809333500763,0.3358456728858239,-0.7362648901421949,-0.1856109348070501,0.3904144665983332,0.36039797598274054,0.4207513664450148,0.4207513664450148,0.3904144665983332,0.4207513664450148,0.3832909077841148,0.5032909077841148,-0.03001649061559264,-0.02150231170311803
1.1098307622400312,0.023651375426981435,1,0,-2.7597563864959316,-0.6206157581517117,0.8488665360350706,-0.6987634188148159,0.7886111192652209,0.8222293155603565,1.0549560947192937,0.023651375426981435,0.02183297127117376,1.221151961659586,1.221151961659586,0.023651375426981435,1.221151961659586,0.8600713512827163,0.9800713512827163,-0.001818404155807675,-0.015647432115238426
0.27193975338608933,0.011687829476329523,1,1,-0.6194455945357885,2.6022660747799278,0.14054099491804029,3.2412590769767857,1.054533696542082,0.32487762440682655,-0.8759244140817352,0.012661274520897957,0.011687829476329523,0.060259569917988046,0.060259569917988046,0.011687829476329523,0.060259569917988046,4.222154328246181,4.342154328246181,-0.0009734450445684339,-0.0016634906073140793
-1.4026966286297105,0.23063227422191018,1,1,-6.565303496784969,-9.662426429916984,-0.09705912587414098,1.426326976900034,1.7095346156262687,1.4783291004402292,0.7851923067296196,0.24984096005306,0.23063227422191018,1.1588606274298048,1.1588606274298048,0.23063227422191018,1.1588606274298048,0.8902272637434601,1.01022726374346,-0.01920868583114982,-0.015335998068369426
-0.5623210719886914,5.157353435971878e-05,0,0,-0.3048274223621052,5.386110010574279,-1.255660206295572,0.4871618178256701,-1.2414023780529977,-1.4874711933807585,0.23915868457723857,0.6433636621357854,0.5938995131887123,5.157353435971878e-05,5.157353435971878e-05,0.6433636621357854,5.157353435971878e-05,-0.7559620818587167,-0.6359620818587167,-0.04946414894707318,-0.045954990198445025
0.16602105089663668,0.07660245636897968,1,1,-4.888942933130469,-1.7590411693098809,0.5231994472697504,0.9033770984808047,0.49713624038609394,0.5315859857427483,-0.9846525849923764,0.08298245033665096,0.07660245636897968,0.7087420251515376,0.7087420251515376,0.07660245636897968,0.7087420251515376,0.9819797410384015,1.1019797410384014,-0.006379993967671277,-0.014426035019319479
1.1241244849541139,0.11227867256897789,1,1,7.478506002091626,-1.4900482900069658,-0.10497668468466637,-1.5071167856344878,-2.0033691294001956,0.7406427098430741,-0.7531243937909587,0.12163003396968489,0.11227867256897789,0.1801840881110281,0.1801840881110281,0.11227867256897789,0.1801840881110281,1.601143702099975,1.7211437020999751,-0.009351361400706998,-0.009547301866933202
1.2978464415365516,0.0693483779768105,0,1,4.4826415925484495,-4.007159197691827,0.8724985021430535,1.1083475778800387,-0.6193173246231977,0.5903110945552991,-0.6611567286136416,0.3123631597093973,0.28834753873672403,0.0693483779768105,0.0693483779768105,0.28834753873672403,0.0693483779768105,1.3239922940376232,1.4439922940376233,-0.02401562097267329,-0.011484820339086694
1.7746853415874553,0.5280651920724742,0,1,9.156115134112856,1.5280566778730729,-1.845878874626824,0.1233094044424584,-0.4708738797157607,-0.44008901058713173,1.9753431178455254,0.6167712678407246,0.5693516393253828,0.5280651920724742,0.5280651920724742,0.5693516393253828,0.5280651920724742,-0.26395864706135946,-0.14395864706135947,-0.04741962851534176,-0.03310419970564749
0.13061439757930482,0.09992858792065941,1,1,5.0353708968575095,14.102328398855276,-1.5258569827326718,0.38287113537147105,-0.9948072371447515,0.9082614092673243,0.2984312361750658,0.10825134698547041,0.09992858792065941,0.45772079433335866,0.45772079433335866,0.09992858792065941,0.45772079433335866,0.06620143213630962,0.18620143213630963,-0.008322759064811003,-0.0265639075180103
0.7633091755024936,0.1160416864169687,1,1,0.39306364204310884,0.6230552614318121,0.3793443491806136,-0.9448896176022599,-0.7655879132883234,0.9272505073458861,1.7707977217275628,0.1257064582066951,0.1160416864169687,0.41252682058150747,0.41252682058150747,0.1160416864169687,0.41252682058150747,0.7205908515543245,0.8405908515543244,-0.009664771789726398,-0.017172234758066705
-1.4544615344029694,0.16336757115962988,1,1,-4.256598609316754,-11.785093918938944,0.48030781722418714,-0.8974207207714328,0.33893852246206824,2.4274720443376094,0.1024228107189117,0.17697397711469554,0.16336757115962988,0.5046954446597477,0.5046954446597477,0.16336757115962988,0.5046954446597477,0.8537466507093515,0.9737466507093515,-0.013606405955065654,-0.01571354828752892
0.42988157316148295,0.27397216672613567,0,0,8.950555957157423,7.02836011275609,1.4618408593935994,-0.740329365838712,-0.04208605163638678,0.6195652061255426,0.3973283082628641,0.33512711405154316,0.3093613170983579,0.27397216672613567,0.27397216672613567,0.33512711405154316,0.27397216672613567,0.6050962251821648,0.7250962251821648,-0.02576579695318526,-0.018546669642350994
-1.0752641014608617,0.3085544932238562,1,0,-1.2915715223681965,-5.8062149850593165,-0.7663886801111608,-0.8095174571305996,0.9882844031026585,1.191550812650145,1.51214355812192,0.3085544932238562,0.2848316964459861,0.7479965788386945,0.7479965788386945,0.3085544932238562,0.7479965788386945,0.09538429848553917,0.21538429848553917,-0.023722796777870092,-0.026052095071141184
-0.06253919575474984,0.1217745971791087,1,0,-7.124134497577165,1.4189832394616588,1.8039304832528678,0.13461943632259646,-0.3111992442315934,1.3509909387784689,0.7130692818515867,0.1217745971791087,0.11241212123068316,0.908918027368902,0.908918027368902,0.1217745971791087,0.908918027368902,0.34500443092631516,0.46500443092631516,-0.009362475948425542,-0.02205820779726801
3.0298383888721423,0.044582483553357866,0,1,10.191077604789047,0.055028616796947816,-0.9824552586675914,-1.0336356655189114,0.4919302013563091,-0.17727466148399962,-0.02642995474069754,0.3169967711363381,0.292624901187737,0.044582483553357866,0.044582483553357866,0.292624901187737,0.044582483553357866,1.2677956171965838,1.3877956171965837,-0.024371869948601133,-0.011923254395775596
0.3035542361904297,0.012191809195741499,1,0,1.4052073999404529,10.106046981810678,1.0725333647101947,0.7590371449850357,1.3298732484184317,-1.9315361063733665,0.2533979172212008,0.012191809195741499,0.01125445836061588,1.0183528189664677,1.0183528189664677,0.012191809195741499,1.0183528189664677,-0.014254910778621399,0.1057450892213786,-0.0009373508351256197,-0.028027635235586087
-0.8638132191803288,0.07467132907528364,1,1,6.372051872699621,-5.13508026677446,0.6946885223972068,-1.526585856687684,-0.6548956413099721,-0.840485162328919,0.021698171059916185,0.08089048511335588,0.07467132907528364,0.7125391714043222,0.7125391714043222,0.07467132907528364,0.7125391714043222,0.5077327489145215,0.6277327489145215,-0.006219156038072243,-0.01979044455556339
0.4077890059579054,0.032199229408138436,0,0,0.37636283603057363,10.885643299800892,1.6278539686940638,2.0225894046649007,-0.8142875530732823,0.5265572504935742,0.5587978521423151,0.14564259242635938,0.1344450577988988,0.032199229408138436,0.032199229408138436,0.14564259242635938,0.032199229408138436,1.6515765078858498,1.7715765078858499,-0.011197534627460592,-0.009231640026060996
-0.5170751865893547,0.07127997923848542,1,1,-0.9846033884057104,-9.271840035461354,0.38762577151474775,0.39897963473923403,0.30374250245132806,1.6875701208064198,1.1024665143680576,0.0772166796931908,0.07127997923848542,0.08388622569539685,0.08388622569539685,0.07127997923848542,0.08388622569539685,0.49110604302113386,0.6111060430211339,-0.0059367004547053875,-0.020011031442204237
-0.9607441131575513,0.21889377143993402,1,1,6.321763561426028,-3.8824895159130293,-1.0601538975982672,0.7957210808805493,0.8923733745114522,0.3149672871517889,1.1314243705027294,0.2371247917954787,0.21889377143993402,1.1030768194595209,1.1030768194595209,0.21889377143993402,1.1030768194595209,-0.17502663793958995,-0.05502663793958995,-0.01823102035554469,-0.031198566479126513
2.1031395333905007,0.16526904214750224,1,1,-3.92397192641392,14.221543762844023,0.18807403429903718,0.20046772107625074,0.1212405446770433,-2.018244085799669,-0.080398393905874,0.17903381604541688,0.16526904214750224,0.48300876782822344,0.48300876782822344,0.16526904214750224,0.48300876782822344,0.30426902819692075,0.42426902819692075,-0.01376477389791464,-0.022665449204221803
1.0668120262667529,0.2839535895229305,1,0,-0.21360669167542712,2.1316369920098373,-0.6682505744545707,-1.1864479781925572,1.4340182847395226,0.5042075185344578,-0.029831080944547807,0.2839535895229305,0.26212220010377807,0.40492221216333407,0.40492221216333407,0.2839535895229305,0.40492221216333407,1.1910939760100794,1.3110939760100795,-0.021831389419152414,-0.012548800353064559
0.34553662499574495,0.07971026935152507,1,0,-3.272875745954847,17.246406672884905,-0.5648033511024263,0.2961695846287402,0.9914360933175131,-0.8269658435469408,-0.0048283722766100075,0.07971026935152507,0.07358185261327445,0.5820889755167593,0.5820889755167593,0.07971026935152507,0.5820889755167593,0.10526807434770219,0.22526807434770219,-0.006128416738250625,-0.02588099734177873
-0.39182329024754126,0.1328783726013117,1,1,-10.393456236470904,-2.4887421585502025,0.8680664988511725,-1.93600112908413,-0.05756976240540404,-0.4292913705475386,-0.13382985775503398,0.1439454226126955,0.1328783726013117,0.4610657495043297,0.4610657495043297,0.1328783726013117,0.4610657495043297,1.307083518940647,1.427083518940647,-0.011067050011383806,-0.011615015604013878
-0.3107894829721992,0.1426455847768328,1,0,4.472040838384292,0.906972503876524,-0.501628556371903,0.1376246052072956,1.923627220422718,-0.323922473928551,0.29171100909410663,0.1426455847768328,0.131678471047375,0.5548544173323334,0.5548544173323334,0.1426455847768328,0.5548544173323334,0.02850255425364223,0.14850255425364223,-0.0109671137294578,-0.027239987419696576
1.5424818668441505,0.3365241024558026,1,1,0.580213052412279,15.541010254710313,1.9947464184091128,-0.5500155783725553,1.814675348928969,0.005323006627107235,1.7818962258649262,0.36455220815129374,0.3365241024558026,1.162922492163296,1.162922492163296,0.3365241024558026,1.162922492163296,0.3261375367887308,0.4461375367887308,-0.028028105695491135,-0.022337406568544636
0.30657753766456786,0.39135244551678156,1,0,4.5995187825471,-10.443261314188552,0.7502011249463191,0.3071083625824217,-0.06563068188658654,-0.6240414398792106,0.07579154996435276,0.39135244551678156,0.36126383965492637,0.45344923292197675,0.45344923292197675,0.39135244551678156,0.45344923292197675,0.19629948525227423,0.31629948525227425,-0.03008860586185519,-0.02435705154519139
-3.0828051429488132,0.06837401145331805,1,1,-2.6683661832786902,-16.468764138672,0.8973614590200242,-0.013111430996670575,-0.3166228050618577,-0.2507825341777729,0.9924766135830533,0.07406868237243895,0.06837401145331805,0.6298577970270722,0.6298577970270722,0.06837401145331805,0.6298577970270722,-0.7959374157198538,-0.6759374157198538,-0.005694670919120903,-0.047196166265218845
2.420938515658837,0.14084950611891037,0,0,6.801053962757852,-2.1670262295866034,1.2251614550998557,-0.6671505137683704,-0.6685878574474897,0.3793589196671123,1.5275320647572548,0.18557266249532023,0.1713051581919203,0.14084950611891037,0.14084950611891037,0.18557266249532023,0.14084950611891037,0.7951374258917395,0.9151374258917395,-0.01426750430339993,-0.01633967345803548
0.18306235697228504,0.5427658672025106,1,0,-1.6050543635645067,6.594857289715865,1.14599030831256,-1.2518522121799116,-0.2640759699918621,-0.9306035546895123,-0.26751252191525826,0.5427658672025106,0.5010360442753555,0.8309028011890565,0.8309028011890565,0.5427658672025106,0.8309028011890565,0.5772250766677003,0.6972250766677003,-0.0417298229271551,-0.018894502457837765
0.34336900573481693,0.08903583303050387,1,0,-3.087922624764529,-10.528921634145151,1.6044099960353544,-1.4226006487830172,-1.6188652932801901,-0.8285541534336024,0.2873106025759928,0.08903583303050387,0.08219043288460928,1.5215239235610567,1.5215239235610567,0.08903583303050387,1.5215239235610567,0.5359337470819061,0.6559337470819061,-0.0068454001458945896,-0.019421846826894542
1.0866948134347965,0.4832057859267314,1,1,2.8110257879279326,6.329953447518122,0.6207548206407568,0.4374484348615332,1.1756854032310164,-1.7630855942339292,1.188336538358937,0.5234505789201426,0.4832057859267314,0.6578996396226942,0.6578996396226942,0.4832057859267314,0.6578996396226942,-0.010214633696388808,0.10978536630361119,-0.04024479299341116,-0.027952243873623005
0.46540282731158683,0.07755450961516082,1,0,4.5320286033246955,5.115094423967879,-0.3120953200462915,0.7314943098048676,-1.3234254267632044,0.004956697009070176,0.23627077058901358,0.07755450961516082,0.07159183556175448,0.16451488622982316,0.16451488622982316,0.07755450961516082,0.16451488622982316,0.41472286982677453,0.5347228698267745,-0.005962674053406336,-0.021056426470947187
0.7469086177168098,0.04021558280200398,1,1,1.6970466709196224,16.25808311195655,1.1557510374984181,-1.5852546226077653,0.03075254853490416,-1.085235291142143,0.5054960442082751,0.043565020768422384,0.04021558280200398,0.3369621720000463,0.3369621720000463,0.04021558280200398,0.3369621720000463,0.8869382827626563,1.0069382827626563,-0.0033494379664184074,-0.015369661498321675
-0.4237234673649248,0.08074168227539814,0,1,-4.582654996718796,6.8873081967721586,0.7772165364561262,1.2871702425080878,-0.5350294543083745,0.9272264856887904,1.3609015874770531,0.47750414934528457,0.4407918857280776,0.08074168227539814,0.08074168227539814,0.4407918857280776,0.08074168227539814,0.697705083485232,0.817705083485232,-0.036712263617206975,-0.017436243505646334
-1.2297953239663866,0.034541612657800015,0,0,-7.548297266192357,0.6795736738152554,-1.6432469698554668,0.6123449200984505,0.958511253780106,-0.2587263863874374,-1.2107735775251085,0.3328304452243491,0.3072412245617385,0.034541612657800015,0.034541612657800015,0.3328304452243491,0.034541612657800015,-0.33942554122153007,-0.21942554122153007,-0.0255892206626106,-0.03481232241301878
0.2802327814731966,0.01653373989501889,1,1,1.9053051139302077,10.422889481286845,0.9429557561096632,-1.1995088275577568,-0.17835143451090235,-0.040124057803329026,0.7155380517039994,0.01791078660857549,0.01653373989501889,0.6108483922278799,0.6108483922278799,0.01653373989501889,0.6108483922278799,0.6771135794499612,0.7971135794499612,-0.001377046713556599,-0.017677252955518512
1.43161465227459,0.04521765577081231,1,0,0.5722218334306479,5.823525271725195,-0.6266315595125326,-0.684583688827855,0.09891547876311091,1.0063904776197492,2.287450000653147,0.04521765577081231,0.04174115718732083,0.11710949718816964,0.11710949718816964,0.04521765577081231,0.11710949718816964,0.6330586178523211,0.7530586178523211,-0.003476498583491479,-0.01820413277249351
-0.6478025583831176,0.2903191342493117,1,0,-1.9401276606340594,-4.278469180320977,-1.5074811997787745,0.3153420177865781,-1.0865350262342919,1.0188112432067427,-0.938544547309233,0.2903191342493117,0.26799833849435584,0.43729806470424093,0.43729806470424093,0.2903191342493117,0.43729806470424093,0.04050405450499098,0.16050405450499097,-0.02232079575495588,-0.027022909852647506
-0.7280239948197764,0.19591764340173173,1,1,-1.7373394505571422,-9.532576783167254,-0.6746482181823238,-0.5892708590639962,-0.07619893871980389,0.32319759685870747,0.4837013936085136,0.21223504942645013,0.19591764340173173,0.5085411527096907,0.5085411527096907,0.19591764340173173,0.5085411527096907,-0.004019164063664704,0.11598083593633529,-0.0163174060247184,-0.027837030452440063
1.2210192603799375,0.1267710529553658,1,0,0.9139481393701256,-2.5621234686406753,-0.0057675461827832435,-1.3298910224405813,0.7277861503101892,-0.05295866366302793,1.1617347900146988,0.1267710529553658,0.11702443123174404,0.5813245850638581,0.5813245850638581,0.1267710529553658,0.5813245850638581,1.0379422882419602,1.1579422882419603,-0.00974662172362177,-0.013897739441323661
-0.4572452051410914,0.2292795697409674,1,1,1.3746943576630182,-1.46166233299915,-0.7077387794799367,-1.6022747273509945,-0.03402600268307527,1.295952688284265,0.1609421366160508,0.24837559278246873,0.2292795697409674,0.30309874723098973,0.30309874723098973,0.2292795697409674,0.30309874723098973,1.180592323830823,1.300592323830823,-0.019096023041501348,-0.012636964038787146
-0.410559913834402,0.1887375315199648,1,0,2.907775726750641,0.40806537627162953,-0.19966979917285654,-0.8703470176574332,1.7577664666808224,-1.0296025948847793,-0.72539425762824,0.1887375315199648,0.17422670052274242,0.3227466728171324,0.3227466728171324,0.1887375315199648,0.3227466728171324,0.27377171615980933,0.3937717161598093,-0.01451083099722239,-0.023130989258913014
-0.3731442729462419,0.15214749004644676,1,1,10.054843276308496,-17.025047081279098,0.5700341960840228,-1.8560206898867897,1.2745906653813397,0.6241931142173556,0.8992310718111097,0.16481940834652026,0.15214749004644676,1.903357539491565,1.903357539491565,0.15214749004644676,1.903357539491565,1.424493799374136,1.544493799374136,-0.012671918300073498,-0.010740538090574042
-0.06498098099047911,0.07438353274008581,0,0,2.8436234608815276,-1.365306428080336,0.5581170119496541,-0.16112351745637007,-1.063148710155423,-0.14007544122496063,-0.9752363117526348,0.33539206900231155,0.30960590134446825,0.07438353274008581,0.07438353274008581,0.33539206900231155,0.07438353274008581,0.34563518265421,0.46563518265421,-0.025786167657843306,-0.022048934245386037
-1.5736380959020388,0.150490194095264,0,1,5.455480010062309,-2.834903274880777,0.4861553100763835,0.8067798305481017,1.4768086311982076,0.3717676405528632,0.9245753565951862,0.3479583913434537,0.3212060789115401,0.150490194095264,0.150490194095264,0.3212060789115401,0.150490194095264,0.06696584018741336,0.18696584018741336,-0.02675231243191356,-0.026550373856866028
-0.5393401125416265,0.07241751115452971,0,1,-4.134489999747718,3.2336696581694646,-0.2971447372301422,-0.47827713800819477,0.47367189081680144,-0.3864728727169088,0.2691857888276577,0.12048984508416127,0.1112261455707827,0.07241751115452971,0.07241751115452971,0.1112261455707827,0.07241751115452971,-0.03297561094347312,0.08702438905652687,-0.009263699513378576,-0.028379625136222657
0.23036801913972194,0.2923205458673007,1,0,-6.989578359494,11.725656561426549,-1.061192189335421,-0.8816276824763011,0.6354093010182902,0.8866900754060961,-0.9856561689666805,0.2923205458673007,0.26984587427476964,0.4532507729434612,0.4532507729434612,0.2923205458673007,0.4532507729434612,0.8309108635619882,0.9509108635619882,-0.02247467159253108,-0.01595459932467143
0.2232379361748293,0.017371384247440863,0,0,0.3604644946365999,1.0755653833374983,0.6706143105064207,-0.5327356730352747,0.016505176200309918,1.416944415790647,0.8074872340229485,0.3070681357823763,0.28345961559518257,0.017371384247440863,0.017371384247440863,0.3070681357823763,0.017371384247440863,0.7209433223108511,0.8409433223108511,-0.023608520187193727,-0.01716820009173497
1.1579930525795872,0.058418591560154255,0,0,4.551013186871489,-4.354813658242473,0.7958719880221928,1.9087903584569665,-0.7038793410497978,-0.9858749749925457,-0.7221222702285907,0.3872157328349159,0.3574451725579912,0.058418591560154255,0.058418591560154255,0.3872157328349159,0.058418591560154255,1.6408992507569908,1.760899250756991,-0.029770560276924707,-0.009297586854209616
1.8393922221948047,0.12889796372847268,1,0,7.5009883975353535,-10.275898855802186,-0.25450105340661505,-2.3545506142918935,-0.20742823669681038,-0.5445707318949119,0.783759767397799,0.12889796372847268,0.11898781733370477,0.4262618980288744,0.4262618980288744,0.12889796372847268,0.4262618980288744,2.321543208012752,2.441543208012752,-0.009910146394767907,-0.005906138597460942
1.512483446664403,0.012460240834673099,1,1,7.997317054772619,6.711904318252495,0.35241937901004006,-0.600696627769337,0.5899608453629039,0.7232630598237696,-0.7685457897914107,0.013498017756316802,0.012460240834673099,0.36188419283101464,0.36188419283101464,0.012460240834673099,0.36188419283101464,1.2460625902482145,1.3660625902482146,-0.001037776921643703,-0.012097264211145174
0.9146523840739345,0.09641326541151889,1,1,-9.795099794779949,-4.291069503900032,-0.49302425538241845,-2.2253631870979826,-1.0906599743692849,-0.7424695604235784,0.07416617660602177,0.10444324357261181,0.09641326541151889,0.1846342061108568,0.1846342061108568,0.09641326541151889,0.1846342061108568,1.8339200866086611,1.9539200866086612,-0.008029978161092924,-0.008174947798125514
-0.1487345907672074,0.18574024892929655,0,1,5.951810325836671,6.634875489613427,-0.9453826793598152,-0.513451987049109,-1.225330681582599,0.17111389853127063,0.4257145945849076,0.5639581808825568,0.5205990154511593,0.18574024892929655,0.18574024892929655,0.5205990154511593,0.18574024892929655,-0.02429649744824114,0.09570350255175886,-0.043359165431397506,-0.028215892619044863
-0.62306906995688,0.04267369052259151,1,1,0.09940414970345013,10.108719740157683,0.40236534841982236,0.01236113190525933,-1.5410729965013943,-0.6199536638928509,-0.4073066723184845,0.04622785707308684,0.04267369052259151,0.29418580457524196,0.29418580457524196,0.04267369052259151,0.29418580457524196,-0.11784718799074329,0.0021528120092567105,-0.0035541665504953274,-0.03003167068394704
0.017878432508401983,0.0038249789055362308,0,1,-7.360837585299271,-12.206024338218398,-0.4032953129206253,0.07498121798983637,1.4255413723710189,0.8120962126845997,-0.9875177798486946,0.5876851004936106,0.5425017227935246,0.0038249789055362308,0.0038249789055362308,0.5425017227935246,0.0038249789055362308,0.7059422465272934,0.8259422465272934,-0.04518337770008596,-0.01734075580778682
0.585578769772898,0.18520790555537772,1,0,3.4467099611099408,4.835865037316921,0.6784028752966336,0.6403023676657362,-0.8060674729515649,0.848865922635439,-0.16037663594526336,0.18520790555537772,0.1709684450982014,0.41349199228494476,0.41349199228494476,0.18520790555537772,0.41349199228494476,0.8338451450171354,0.9538451450171354,-0.014239460457176334,-0.015923419641321393
0.8219377982456677,0.12895180812876242,1,0,2.2565801268045513,10.884923977656268,-1.4099534900144448,0.45520272463714184,0.2169618236145243,-0.22767762918582773,-0.03745308498329951,0.12895180812876242,0.11903752197977363,0.18481187398797777,0.18481187398797777,0.12895180812876242,0.18481187398797777,0.172056263098182,0.292056263098182,-0.009914286148988788,-0.024753912241491476
0.6230857335158502,0.1126761057412685,1,1,2.7297604667360154,8.46883069199059,-0.719085478888462,0.6101305037971094,-0.04345063450892596,0.16644884394822793,0.3571419244288725,0.12206056818549234,0.1126761057412685,0.4204493997967119,0.4204493997967119,0.1126761057412685,0.4204493997967119,0.4244708292960836,0.5444708292960836,-0.009384462444223834,-0.020920032012314727
-0.12117547137605256,0.3106695337412673,0,1,4.070961689983949,-14.97782101157422,-1.154585614426325,-0.894283021882052,-2.2099444596162092,0.564742258490407,-1.2122100237467663,0.4143467386247549,0.3824902474965021,0.3106695337412673,0.3106695337412673,0.3824902474965021,0.3106695337412673,0.4568827445237591,0.5768827445237591,-0.031856491128252784,-0.020472841970861032
0.7868622398422616,0.16733732870640028,1,0,3.4210830057679082,-4.82617750742381,0.1325697098956523,0.3709882249395528,0.6023528388925202,-1.2040169138360592,-0.06516161814069105,0.16733732870640028,0.15447182348955174,0.5064873959702024,0.5064873959702024,0.16733732870640028,0.5064873959702024,0.2447300359912948,0.36473003599129483,-0.012865505216848538,-0.023583194595401796
1.2608725050835026,0.06664055314697982,1,1,-6.385539104746078,-8.20525235434795,1.670280420787749,1.7143146799843163,0.9873230940269508,0.3374931388188395,-1.0051063888453775,0.07219084940682899,0.06664055314697982,0.2515271634291623,0.2515271634291623,0.06664055314697982,0.2515271634291623,1.8224197654469212,1.942419765446921,-0.005550296259849166,-0.008237865029492383
0.8801603840675414,0.16138221333639402,1,0,0.7661226382420007,5.143491729264614,0.718621625391053,-0.15802122874684088,0.5605282752728444,-0.6328434548521167,-0.17293311283992888,0.16138221333639402,0.14897455914688065,0.5234539548715694,0.5234539548715694,0.16138221333639402,0.5234539548715694,0.4266547323886398,0.5466547323886398,-0.012407654189513367,-0.020889595959082616
-0.03201305516339899,0.34506678585923617,1,1,-8.119414142046756,2.9630201315481077,0.16414736007642475,0.2462780914938584,0.4937227144602481,-0.5791949845248994,-1.3432844521102028,0.37380638660547477,0.34506678585923617,1.086938931636686,1.086938931636686,0.34506678585923617,1.086938931636686,0.3821453415842548,0.5021453415842547,-0.028739600746238603,-0.02151873952304195
-0.8338486925060067,0.0398578853702698,1,1,0.5049945553655251,-20.843911933081454,1.6247850398997947,2.489254169023358,0.44742071120237864,-1.3239920947301105,-0.7731951168428768,0.0431775317664842,0.0398578853702698,0.8771761766936935,0.8771761766936935,0.0398578853702698,0.8771761766936935,1.777686338818653,1.897686338818653,-0.003319646396214404,-0.008487236921462256
-0.8575674293881075,0.14819781569680868,0,1,4.421726555003193,-3.0065951786431753,0.509117569050969,1.341115611681286,-1.2128906345418562,-0.12433282084890122,0.19593206444396905,0.20241348634781534,0.1868511979767765,0.14819781569680868,0.14819781569680868,0.1868511979767765,0.14819781569680868,0.4790349542030794,0.5990349542030794,-0.015562288371038846,-0.020172717771564784
-0.6812176235921815,0.17473887121144363,1,1,-7.173009362243066,5.161891774927346,0.8645784512858746,-0.34360109440037934,-1.5638146913219246,0.6211975594529023,1.124795965171238,0.189292359403477,0.17473887121144363,0.789414652323591,0.789414652323591,0.17473887121144363,0.789414652323591,-0.012574677897015024,0.10742532210298497,-0.014553488192033365,-0.02799625750995141
0.2570751986749299,0.067007502621144,1,0,-2.5981267942714044,2.0731052535638135,-0.08259146174516069,0.40524009130643124,-0.47449122942707067,-0.8457727947258943,1.0264256805472187,0.067007502621144,0.061855721000123376,1.6238540242274881,1.6238540242274881,0.067007502621144,1.6238540242274881,-0.09533501742740258,0.024664982572597416,-0.005151781621020618,-0.02958431731747109
0.5198037535556334,0.08888982792388245,1,0,-3.286435518220483,1.6774573716046552,0.38749584781446095,0.49036859940188254,1.502115147994613,-1.054842334318573,-0.5520262681594221,0.08888982792388245,0.08205565318403113,1.1097878013082683,1.1097878013082683,0.08888982792388245,1.1097878013082683,0.3986648017201295,0.5186648017201295,-0.0068341747398513175,-0.021283054395676387
-1.41453231794403,0.13375534001648842,1,1,-4.156978956326562,-5.097143602830068,0.15793334883469554,-0.5643132377612419,0.7831365352724501,-0.18739922090398406,-0.9925328074971896,0.14489543007232877,0.13375534001648842,1.360719538023021,1.360719538023021,0.13375534001648842,1.360719538023021,0.1185940828466181,0.2385940828466181,-0.011140090055840352,-0.025652088733002416
-0.5039951083635509,0.3743883073154769,1,1,1.4773282349390615,-9.028611701702893,0.06577167518766158,0.17033877080678794,0.9346820628963304,0.39314090314742434,0.46114639135983565,0.4055700116035742,0.3743883073154769,1.7938823604560157,1.7938823604560157,0.3743883073154769,1.7938823604560157,0.19363080251201348,0.3136308025120135,-0.0311817042880973,-0.024400424278480635
0.24328546530539388,0.04086147555808182,0,1,-2.116380075221557,0.3345264670172836,0.3202916840072248,-0.18822252129193043,-0.7162191151112647,0.288838351659376,-0.33312476588364065,0.5963343540424271,0.5504859901284799,0.04086147555808182,0.04086147555808182,0.5504859901284799,0.04086147555808182,0.47163022543840405,0.591630225438404,-0.0458483639139472,-0.020272546305608034
-0.8996799100976025,0.174099105822474,1,0,0.8752307862520321,-1.4973601803870686,1.6898226204410154,1.3421822947732187,0.6328391323516083,0.3784669392929856,-0.08795905098117711,0.174099105822474,0.16071373047602244,0.314020656648426,0.314020656648426,0.174099105822474,0.314020656648426,0.6571759396311643,0.7771759396311643,-0.013385375346451567,-0.017913783226586655
0.43390415305960467,0.4960060462443562,0,1,6.261450443299243,5.17868078369979,-1.261123731347135,-0.2161722233219656,0.10140003340525669,0.2294564744446623,0.4695363670158261,0.8514950285283985,0.7860289797015195,0.4960060462443562,0.4960060462443562,0.7860289797015195,0.4960060462443562,0.0805555019902241,0.2005555019902241,-0.06546604882687901,-0.026310919793663286
-0.30742829091656576,0.13106299737879132,1,0,4.679539663918654,4.252393250957086,0.9213301978776851,-0.6921540716928671,-0.6830756072090113,1.4508566797431588,0.7709815891931486,0.13106299737879132,0.12098639528679106,0.48896206944765336,0.48896206944765336,0.13106299737879132,0.48896206944765336,0.5848391619688604,0.7048391619688604,-0.010076602092000259,-0.018798835898741734
-0.7234202716692567,0.19802840115209608,1,0,-6.155982762384357,-0.36873110475146087,-0.3907709421333212,-0.10721116895223676,-0.10271394667489854,0.03157412228138299,0.47268309223861316,0.19802840115209608,0.18280325415231,1.347443278778995,1.347443278778995,0.19802840115209608,1.347443278778995,-0.13152103732126608,-0.011521037321266081,-0.015225146999786082,-0.030306687987906738
0.05320543244889753,0.28709498847913717,0,0,6.3759906675017675,8.324189503577294,2.534992746099831,0.18975656116265244,0.6625981504252507,-1.6864767061901427,-0.484899992778835,0.3897102762796012,0.3597479263885519,0.28709498847913717,0.28709498847913717,0.3897102762796012,0.28709498847913717,-0.5149317658061074,-0.39493176580610745,-0.02996234989104929,-0.039133370409438144
0.3922803295791006,0.017115399856957158,0,1,6.389730267783371,-0.816171408563912,1.2288150027166052,0.40231539135661587,-4.389114584864837,0.6740232023161967,1.918164394628769,0.5956971319201005,0.549897759971081,0.017115399856957158,0.017115399856957158,0.549897759971081,0.017115399856957158,-0.019167511929237574,0.10083248807076242,-0.04579937194901951,-0.02811957810836304
-0.8485289142699277,0.08621336882531924,1,1,4.941614297622119,-11.03261539880518,-1.9959075861197932,1.5193876756455122,-2.771955630625928,0.9379989450534133,-0.008648626012240201,0.09339382750915975,0.08621336882531924,0.38490716632280375,0.38490716632280375,0.08621336882531924,0.38490716632280375,0.16234912353709502,0.282349123537095,-0.007180458683840513,-0.02491462482096695
-0.24261237981404754,0.3538533617293358,1,1,-0.31082477097066985,2.8210003592909225,-2.3499712152446164,0.4461378272397865,1.1508397491520586,0.36388700382157313,0.584827637059613,0.38332477061469855,0.3538533617293358,0.9410651761473284,0.9410651761473284,0.3538533617293358,0.9410651761473284,-0.5945892295995746,-0.4745892295995746,-0.02947140888536276,-0.0412677177600299
0.46767837730710793,0.08780233201190392,1,0,-1.7217143921641547,0.7108075699372564,-0.41167611233906165,-1.861389755221022,0.6918640223370642,1.7497539194462957,1.129580854227459,0.08780233201190392,0.0810517679310551,0.5525302470913435,0.5525302470913435,0.08780233201190392,0.5525302470913435,1.8647876471763247,1.9847876471763248,-0.006750564080848814,-0.008008439775301733
-0.7620901833167675,0.3729218160703703,1,0,-4.6537543251986575,3.6471874713509322,-1.9878758296013461,-1.5148944072109338,-0.8459677417973405,-1.5929754512801433,0.044189919556039105,0.3729218160703703,0.34425022433874924,1.645494157683036,1.645494157683036,0.3729218160703703,1.645494157683036,-0.4633943450768139,-0.3433943450768139,-0.028671591731621038,-0.03781165111430797
-1.6577568404239018,0.394753627207397,1,1,-7.286282219864565,-12.412262889082466,0.3934158051805228,-1.4302532832423676,0.7771284592755282,0.601103944020014,-0.5481591248437031,0.42763149927155486,0.394753627207397,2.436326094874467,2.436326094874467,0.394753627207397,2.436326094874467,0.8121976046781632,0.9321976046781631,-0.032877872064157876,-0.016154887775208505
-1.5365738456897544,0.08586374389912611,1,1,-1.3996599372386807,10.968120474330108,-0.17252198598398413,-1.9498011756530316,-0.3322621562870741,0.007384974130325764,0.16874759522818958,0.09301508334807794,0.08586374389912611,0.6922126499937716,0.6922126499937716,0.08586374389912611,0.6922126499937716,0.9857955554402055,1.1057955554402055,-0.007151339448951827,-0.01438938360928564
-0.4180508640569697,0.34600426625303216,0,0,3.43946109889487,4.598364545943658,0.37887691202017393,0.24424174323057224,-0.26434369726567053,0.2861949425543167,1.002031993310248,0.7682325892711219,0.7091680609831031,0.34600426625303216,0.34600426625303216,0.7682325892711219,0.34600426625303216,0.05087996454994986,0.17087996454994986,-0.05906452828801878,-0.026836630015173345
-1.3184182763051384,0.33187703299390103,1,1,4.387007233941585,-3.712633724557418,-0.09549807330964437,0.31759489083167675,-0.18617106266411843,-0.6467589164795713,0.5228796669176042,0.35951809790062844,0.33187703299390103,1.0760013764516358,1.0760013764516358,0.33187703299390103,1.0760013764516358,-0.44232436033169564,-0.32232436033169565,-0.02764106490672741,-0.03728423671589287
-0.3477218951762459,0.12450178135008821,0,1,-2.927133942898291,-7.240512224635638,-0.5552259441702052,0.38614690099219057,0.02825537151004551,-0.3039346765201432,-0.3281428321466607,0.5655021120713268,0.5220242435692092,0.12450178135008821,0.12450178135008821,0.5220242435692092,0.12450178135008821,0.055178869376076245,0.17517886937607624,-0.043477868502117656,-0.02675982804367085
1.664942851172679,0.1946874322727885,1,0,3.505636686141535,10.239518795328648,-0.5081209924156869,-1.6458011720890138,0.38289509516169207,0.2315468252783205,0.8496702524484937,0.1946874322727885,0.17971915116705214,1.4435431210833136,1.4435431210833136,0.1946874322727885,1.4435431210833136,1.5322305735368373,1.6522305735368374,-0.014968281105736364,-0.00999615654146171
-1.3785983876886816,0.29613158450174476,1,0,-3.556844664213437,-9.630927781215018,-0.5314569023067949,1.8953836254766674,-0.3797359478496331,-0.8751096421946959,-0.9936849198426648,0.29613158450174476,0.27336390633493596,0.3579345307917214,0.3579345307917214,0.29613158450174476,0.3579345307917214,0.8264271707483328,0.9464271707483328,-0.022767678166808802,-0.016002361020257577
-0.2826048514777008,0.11611816872758782,0,1,-3.7537621306424516,15.576503978742998,-1.7339224032296623,1.5326278923931278,1.371067390768662,0.600745162884758,-0.8960888077757798,0.6023476026781792,0.5560369182390298,0.11611816872758782,0.11611816872758782,0.5560369182390298,0.11611816872758782,0.8321815378961956,0.9521815378961956,-0.04631068443914943,-0.015941089647696312
2.1323045542713843,0.0455192851104012,1,1,6.326442512458111,-1.9454822235939244,1.8112676815591198,-0.35171916152165594,-0.26902583122665236,1.437259080436076,0.6589105844808723,0.04931045288990691,0.0455192851104012,0.21173704370696209,0.21173704370696209,0.0455192851104012,0.21173704370696209,0.9725488433627876,1.0925488433627875,-0.003791167779505708,-0.014517021053011274
0.4081300829757099,0.11383049537868582,1,1,1.0980838673543831,13.359325588302772,2.2011031387545934,0.24872226031901956,-0.3970307995787248,-0.6118048834597958,-1.846996177190627,0.1233111035507645,0.11383049537868582,0.20787702136857258,0.20787702136857258,0.11383049537868582,0.20787702136857258,0.24124423477754137,0.36124423477754136,-0.009480608172078672,-0.023638062542525075
-0.3677232874755995,0.16144355446095043,0,1,-0.48413610926904194,-2.146660996195744,-0.27859577280620446,1.1445933388273806,0.5988341726560692,0.020308006560405812,-0.9949344438163292,0.5529598052053795,0.5104462350798558,0.16144355446095043,0.16144355446095043,0.5104462350798558,0.16144355446095043,0.7568574508389709,0.8768574508389709,-0.0425135701255237,-0.016762027971034463
-0.15688263451923834,0.18623023543489067,0,1,0.7991091319646075,11.107055507827324,0.22687301801273724,1.0128137051953732,0.4307192564699845,0.16673516963335916,-0.796957653281206,0.4759988842382009,0.4394023509020832,0.18623023543489067,0.18623023543489067,0.4394023509020832,0.18623023543489067,0.7916237940766468,0.9116237940766468,-0.03659653333611773,-0.016377992718111585
0.4293625083932779,0.006433348502687072,1,0,3.850739434671728,-6.18951800198777,0.8671818141120127,-3.131904818744181,0.382845708865145,2.5703219809445987,-1.508373387331847,0.006433348502687072,0.005938729164832424,0.18234860376245132,0.18234860376245132,0.006433348502687072,0.18234860376245132,4.787558144605736,4.907558144605736,-0.0004946193378546479,-0.0011410881133251344
1.6957719306274401,0.2028718970498763,0,0,5.322482336072456,2.4709484271306508,-0.241369454701366,-0.00791099012472641,-0.4625828140565771,1.0363742425589795,0.472451014355301,0.6275660384925201,0.57931646856955,0.2028718970498763,0.2028718970498763,0.6275660384925201,0.2028718970498763,0.9319293723411215,1.0519293723411214,-0.04824956992297014,-0.014915507955244434
-0.5308536074772426,0.14534954984583137,1,0,-5.72356415165391,3.797061851015462,0.1523003725473193,0.7972725611692801,0.0167507090717422,3.179864488823514,0.15134693365674112,0.14534954984583137,0.13417454540262608,0.3538688434918597,0.3538688434918597,0.14534954984583137,0.3538688434918597,1.240297005976707,1.3602970059767068,-0.011175004443205294,-0.012143852220327109
-0.7576102828882827,0.2384048550550984,1,0,3.0045061449879573,3.3323614070968324,0.19528209848970435,-1.7104680495732754,-0.5434503273034238,1.1473776817998096,-1.3354568503598725,0.2384048550550984,0.2200754187592979,0.2578846762259424,0.2578846762259424,0.2384048550550984,0.2578846762259424,1.5792076109890563,1.6992076109890561,-0.0183294362958005,-0.009687948092236899
-1.3788087327802274,0.46004812635487485,1,0,-0.10071780673566488,5.677231000680673,-2.157557174301955,0.03231547118757482,1.370744507474978,0.042381228696125636,-0.3361246026263436,0.46004812635487485,0.4246779455627295,0.992526357452827,0.992526357452827,0.46004812635487485,0.992526357452827,-0.8544043617739776,-0.7344043617739776,-0.03537018079214538,-0.049072099261096784
0.10309603250980404,0.010593033976418743,1,0,-0.772485558583851,-2.689698237893851,-1.85848793774098,0.45225412270219334,0.6612751088830449,-1.7817324991011003,1.1345324486972188,0.010593033976418743,0.009778602821461164,0.21713419788002075,0.21713419788002075,0.010593033976418743,0.21713419788002075,-0.9534571793883432,-0.8334571793883432,-0.0008144311549575789,-0.052421973334675374
-1.4056873698179129,0.43664415061985606,1,0,-1.4340232722783812,-1.9967594266383402,0.7656955258921091,1.1323159425473455,0.5835250918333419,0.6536827088113185,0.5207208987017389,0.43664415061985606,0.40307335299129743,0.7708170791641069,0.7708170791641069,0.43664415061985606,0.7708170791641069,0.43390989607006847,0.5539098960700685,-0.033570797628558635,-0.020788801623437544
-0.4637826248217946,0.024411933728204393,1,1,1.202591026397869,9.224457037761104,0.8684723215011957,-1.8187577691239185,-1.5010594336215146,-0.7360079001897717,-0.12982017167255325,0.026445132104701955,0.024411933728204393,0.7482738795574887,0.7482738795574887,0.024411933728204393,0.7482738795574887,0.9574184437102264,1.0774184437102265,-0.0020331983764975622,-0.01466419428864229
-0.9086834411103524,0.07336466646777995,1,0,3.37227396432224,-7.518533219064828,0.3881369233081794,0.32468165322885006,1.1171058114560313,1.148495298580351,-0.8723851082937929,0.07336466646777995,0.06772412286361115,0.2141408521871508,0.2141408521871508,0.07336466646777995,0.2141408521871508,0.6093684150599616,0.7293684150599616,-0.005640543604168796,-0.018493921531780665
1.0741235102341058,0.007634288959055611,1,1,-4.355089630935603,5.531548911010485,0.23857611005047125,-0.8478315477218382,-0.18824703835356665,0.32179136904849476,-3.4087120764716907,0.008270126500238666,0.007634288959055611,0.15132255385987897,0.15132255385987897,0.007634288959055611,0.15132255385987897,1.5669448477111851,1.6869448477111852,-0.0006358375411830543,-0.009767473392035557
-0.5083963873668058,0.12104183022895154,1,0,4.104936259269701,-3.186957219495144,2.4112440396396844,0.5664086773974751,-0.595703275413406,1.927369755230228,-0.3474311704861944,0.12104183022895154,0.1117356920809012,0.9135209707749152,0.9135209707749152,0.12104183022895154,0.9135209707749152,0.46996168883229394,0.5899616888322939,-0.009306138148050341,-0.020295109176013237
0.39693032800561595,0.08189099009393715,1,0,1.43791823375387,1.5244191689000675,0.13251938582805775,-0.48711581039762725,1.6519918374433393,-0.10498470630588037,0.14948410073950924,0.08189099009393715,0.07559491157749945,0.6553630859671045,0.6553630859671045,0.08189099009393715,0.6553630859671045,0.5104128111772387,0.6304128111772387,-0.006296078516437695,-0.01975511637645766
-1.604092001688563,0.27801233907292516,0,0,-4.699694218635982,-2.189221909183441,1.2037821530254462,0.5851394574610765,-0.054348065134071935,1.110390972357463,2.538483229427952,0.3033991814156821,0.2800727438451406,0.27801233907292516,0.27801233907292516,0.3033991814156821,0.27801233907292516,-0.23955308077357576,-0.11955308077357577,-0.023326437570541536,-0.032569939968525766
0.13150695445284558,0.0035966637122797343,0,0,-2.891764619507618,-6.26585737332572,0.3174104487994213,0.11676008787256639,0.17062708361908155,1.3104295008315177,-0.5991977350329224,0.06235303045770073,0.05755910166224732,0.0035966637122797343,0.0035966637122797343,0.06235303045770073,0.0035966637122797343,0.8387837425660659,0.9587837425660659,-0.004793928795453407,-0.015871079609910823
-1.2031603058607487,0.475064486105101,1,1,-6.112050481434716,-3.069570720377506,-0.278317559711661,-1.5374429491266413,-1.1838678626399737,-0.5178000026979704,-0.05593699406042271,0.5146312141093058,0.475064486105101,0.8253333533948017,0.8253333533948017,0.475064486105101,0.8253333533948017,0.40757448903418747,0.5275744890341875,-0.0395667280042048,-0.021157012191957508
-0.4256484999298592,0.2401090693378111,1,0,-9.230319844106901,0.9898145395533838,1.7690833257701195,0.5359928049252244,-0.9120785101897938,-0.7279804853641153,1.3747486832306544,0.2401090693378111,0.22164860682141563,1.3951186908421223,1.3951186908421223,0.2401090693378111,1.3951186908421223,-0.4421828450484412,-0.3221828450484412,-0.018460462516395465,-0.03728071935560235
2.211202574256224,0.09899487938847185,1,0,5.595601429669291,2.0996451393657614,1.1266103486291923,0.028149910224203063,-0.44252646553883224,1.1249328357046429,-0.9933271267246865,0.09899487938847185,0.0913837913720718,0.236707022634233,0.236707022634233,0.09899487938847185,0.236707022634233,1.3268608946182916,1.4468608946182915,-0.00761108801640005,-0.011462877752417428
0.9321743772408836,0.18280845995776182,0,0,10.115681932676408,13.231416189772743,0.39203039805752304,2.2726589908933312,0.20535568225145748,-0.7756094792616043,0.4103687026715378,0.20854814281955464,0.19251419964530556,0.18280845995776182,0.18280845995776182,0.20854814281955464,0.18280845995776182,2.012249661615369,2.132249661615369,-0.016033943174249082,-0.007258607077857963
-0.1284125828313069,0.20396304705656015,1,0,-7.310400235080443,6.505711198758441,-0.4700087190153476,-1.3941158437534145,0.7010360268721068,1.1178344005497223,-0.31090667207257267,0.20396304705656015,0.1882816227967373,1.8702124907678852,1.8702124907678852,0.20396304705656015,1.8702124907678852,1.2192563551713669,1.3392563551713668,-0.015681424259822857,-0.012315395571520137
3.1989419097831964,0.05635751089584703,0,0,0.4840553259599636,7.182098058155683,-0.37723567409627334,-0.9615653911218296,-0.1499356004675666,-0.5623683829231909,-1.0110326867032555,0.20778241458779592,0.19180734339767938,0.05635751089584703,0.05635751089584703,0.20778241458779592,0.05635751089584703,1.4090223271393238,1.529022327139324,-0.01597507119011654,-0.010851892667689735
-0.9151746903733177,0.33282250366650773,1,1,1.8431520252517983,-7.687983269162853,1.892168830399606,0.4664928167495073,0.5723951080293523,0.8833995689324271,0.7710362167598054,0.3605423140531293,0.33282250366650773,0.5135050242699524,0.5135050242699524,0.33282250366650773,0.5135050242699524,0.05423182176679836,0.17423182176679836,-0.02771981038662158,-0.026776728599101948
1.1652163820753614,0.3180699755612487,0,1,1.4621312419150132,-4.329143634614606,-0.4131099527967148,0.2725526229714672,-0.2690304842606603,0.43846362477666,0.3416908859581642,0.36110280084520363,0.3333398981862054,0.3180699755612487,0.3180699755612487,0.3333398981862054,0.3180699755612487,0.6344614483225952,0.7544614483225952,-0.027762902658998223,-0.01818711585625786
-1.5326744568471145,0.2928058100249305,1,1,1.7764023737115093,12.147267043613201,-0.3826602608642019,-1.3292987229217992,0.14623705696550768,-0.20426948780729892,-1.8903722477087583,0.31719274734009795,0.2928058100249305,0.8413159478280074,0.8413159478280074,0.2928058100249305,0.8413159478280074,0.6038171233395526,0.7238171233395526,-0.024386937315167445,-0.018562491773640513
-0.2439227576479475,0.27228904191558123,1,1,-0.766611252724474,-8.62599580233695,0.5076617688887175,0.9653421122427754,2.5283564752089505,-0.39119750332066106,-0.5387118965490677,0.2949671977767539,0.27228904191558123,1.72741480587792,1.72741480587792,0.27228904191558123,1.72741480587792,0.653530966605696,0.773530966605696,-0.022678155861172666,-0.01795736632931543
-1.3477897501805605,0.39487465422546025,1,0,-4.477962215118087,-0.8250518743480966,-1.1094210304392413,0.2086419064870071,0.2023181805583551,-0.8112963347867491,-0.1749298820038401,0.39487465422546025,0.3645152480892929,0.4971930663501798,0.4971930663501798,0.39487465422546025,0.4971930663501798,-0.6517658487387408,-0.5317658487387408,-0.030359406136167333,-0.04287111495606288
0.2572759150908748,0.1768066463325764,0,1,-1.353957041552769,3.4627880352783342,-1.9786656668893567,0.9263767478332465,-0.7706792596721668,-0.03465635141297929,-1.426693421297779,0.5653018258373124,0.5218393560726341,0.1768066463325764,0.1768066463325764,0.5218393560726341,0.1768066463325764,0.17601087822192193,0.29601087822192196,-0.04346246976467827,-0.024688736730115565
0.05597025357875674,0.4846459928538408,1,0,-10.622187485174999,-2.27202447508107,-0.5823535994615734,-0.2795911535175272,-0.011290846960830136,0.4797325155225118,1.4390750834862203,0.4846459928538408,0.4473846382141611,0.7427373248864929,0.7427373248864929,0.4846459928538408,0.7427373248864929,0.06451161361455526,0.18451161361455526,-0.03726135463967972,-0.02659384983582746
-0.3076647991835818,0.2440472686755719,1,1,-6.203602569615655,-8.655873572533272,0.7327109427693562,0.9621645431462449,1.4461041099431382,0.5697078815226975,-0.03670719561899534,0.264373250057643,0.2440472686755719,0.2549885764451799,0.2549885764451799,0.2440472686755719,0.2549885764451799,0.7595118774746707,0.8795118774746707,-0.020325981382071118,-0.016732391818755903
1.0920570251263066,0.19687055508976412,1,1,5.63768277763218,-3.887130745755541,1.0091119062550553,1.0730092859616567,0.6485658379660353,-1.454627597036103,-0.8414601530946475,0.21326732633473197,0.19687055508976412,0.29637030731174424,0.29637030731174424,0.19687055508976412,0.29637030731174424,0.7209597232851646,0.8409597232851646,-0.016396771244967856,-0.017168012375955388
-0.5670989730027903,0.3359422489039501,0,1,4.789494990066618,-5.221260818935721,-0.274854104030484,0.7796210207358992,-0.021346419070559747,1.1368686334505633,1.3152366287442812,0.709648149037635,0.6550878065596605,0.3359422489039501,0.3359422489039501,0.6550878065596605,0.3359422489039501,0.32417192718385635,0.44417192718385634,-0.05456034247797448,-0.02236669683602968
0.32685174780732407,0.0016013744528479538,1,1,5.798401688149704,-4.662318444316241,1.1991704686772062,1.2055405644802868,-1.0369939046587182,0.4826354994557758,-0.6075290409554163,0.001734748235275251,0.0016013744528479538,0.04546601675706279,0.04546601675706279,0.0016013744528479538,0.04546601675706279,1.0159804133461185,1.1359804133461187,-0.0001333737824272972,-0.014102716617317362
0.8205549402713387,0.4787323118732598,1,0,4.826283748277733,10.563071687516768,-1.6490663313591984,-0.2874711320558362,1.3247369656272514,0.4607420101184635,2.017809371605892,0.4787323118732598,0.441925622633671,0.7595538207371056,0.7595538207371056,0.4787323118732598,0.7595538207371056,-0.08497399351978993,0.035026006480210065,-0.0368066892395888,-0.02938067223832117
-1.4832212088961831,0.1056730150038111,1,1,-14.487377045171728,-2.409551373633255,0.17723014526811154,2.4478027535929074,0.17752122551705124,0.022480296153736364,-1.2793900879214963,0.11447421055585043,0.1056730150038111,0.2649952941900376,0.2649952941900376,0.1056730150038111,0.2649952941900376,2.0974710245223664,2.2174710245223666,-0.008801195552039329,-0.006857710954394194
-0.7484143416743837,0.16559636349980597,0,1,-4.215976301275916,-5.314063787365829,1.1105627402927678,-0.5021251289404789,-0.647047639408727,1.281230563762572,1.1582226687959571,0.23958212402364162,0.22116217498825394,0.16559636349980597,0.16559636349980597,0.22116217498825394,0.16559636349980597,0.23955792451511215,0.35955792451511215,-0.018419949035387684,-0.023664651557133667
0.05386096731583391,0.10675458200459054,1,0,6.566377649620903,0.8418682676522226,1.132051367210679,-0.36219113405498116,-0.05097586530525164,-0.059854397695851456,0.7825181806723981,0.10675458200459054,0.09854689970011013,0.7603902400132098,0.7603902400132098,0.10675458200459054,0.7603902400132098,0.13488493335817953,0.2548849333581795,-0.008207682304480407,-0.025374999898945826
0.6301534194283186,0.18121693193174987,1,1,8.49448721461455,4.595502447440477,1.55356466849423,0.36814655519840694,1.9748910853573585,0.8971944180330614,-0.23479939411441825,0.1963099588053979,0.18121693193174987,0.4655468136013831,0.4655468136013831,0.18121693193174987,0.4655468136013831,0.823656458966509,0.943656458966509,-0.015093026873648024,-0.01603194695669028
1.4212377659215332,0.08042027702415235,0,1,8.06252649782432,-1.6838341115142272,0.8287114061289749,1.7059402787087732,1.9982889833413344,1.1868913445990807,0.025674453657999224,0.11993720760178635,0.11071599687717645,0.08042027702415235,0.08042027702415235,0.11071599687717645,0.08042027702415235,2.136730112602266,2.2567301126022663,-0.009221210724609893,-0.006680554416256555
-0.21587979872792037,0.19348352445018593,1,1,-1.0931475743247274,5.557462061500418,-0.21669325405592046,0.5760695035613909,1.6739744952710462,0.4337691222144516,0.4545318718688109,0.20959819984505806,0.19348352445018593,0.3709618640530324,0.3709618640530324,0.19348352445018593,0.3709618640530324,0.40620312482660176,0.5262031248266017,-0.01611467539487213,-0.02117636368276327
-0.3164710426498841,0.09251896518884911,0,0,-6.055853824368989,-9.730406167551315,0.05139785431709231,-0.3278910626312124,-0.1621345066439178,0.13542598524553,1.7180999962398222,0.34579023502031514,0.31920461836812947,0.09251896518884911,0.09251896518884911,0.34579023502031514,0.09251896518884911,-0.09920156707147085,0.020798432928529148,-0.026585616652185673,-0.029660675176738007
-0.8725960302136638,0.4015442031700716,1,0,-1.386154963762234,7.421923823373045,-0.23971377853080178,0.05261207591138063,-0.8653776604065087,0.7166310664731552,1.3666791787182826,0.4015442031700716,0.37067201774308955,0.5441242825187268,0.5441242825187268,0.4015442031700716,0.5441242825187268,-0.1563627412407433,-0.03636274124074332,-0.030872185426982057,-0.03081278033265743
0.3299840921770333,0.021468841223813658,1,1,0.4852595949305473,0.16089058706567988,1.6244978459567558,0.20336452469571042,0.5743542832792355,-0.15355032217003803,0.5280186796945225,0.023256918055724368,0.021468841223813658,0.4862704862166687,0.4862704862166687,0.021468841223813658,0.4862704862166687,0.14752842343134043,0.2675284234313404,-0.00178807683191071,-0.025162013085966405
-0.2971175736980916,0.007888320146302892,1,0,6.778075118287995,-1.0822026509576714,0.3139651524992144,0.05826438725148733,0.13775369227712947,0.45192228339364876,-0.29415243484556425,0.007888320146302892,0.007281837272583218,1.4191160590506027,1.4191160590506027,0.007888320146302892,1.4191160590506027,0.38204660815509606,0.502046608155096,-0.0006064828737196741,-0.02152015598228824
-0.27403226282571846,0.11934152850403053,1,1,0.5654631365940983,-6.027721835942117,-0.2424967920780333,1.7073620136715535,2.710546768846383,-1.2043669485340438,-1.2594712043760588,0.12928113446497871,0.11934152850403053,0.6481566008698445,0.6481566008698445,0.11934152850403053,0.6481566008698445,1.1431784721991054,1.2631784721991055,-0.009939605960948186,-0.012956126185703748
-0.09388850588850835,0.4104698899770775,0,0,0.4080343545036287,-9.648622757484977,-0.9571528278081498,-0.10328841503855507,0.895780511037257,0.591252942048272,0.17203113678046833,0.6740823318415602,0.6222564193333648,0.4104698899770775,0.4104698899770775,0.6740823318415602,0.4104698899770775,0.20603647375284745,0.32603647375284744,-0.05182591250819535,-0.02419945405303953
0.5516280620903391,0.13996880493863545,1,1,0.7459928537851997,-11.471665337111878,0.5289355469578989,-0.6920861566283695,-0.2441227717526189,-0.020094548375796818,-1.5842163388718526,0.15162639626794266,0.13996880493863545,0.6858408356488607,0.6858408356488607,0.13996880493863545,0.6858408356488607,0.8886257818156214,1.0086257818156215,-0.011657591329307215,-0.015352380361296583
-0.563730553179261,0.04675098361144768,1,0,2.200027592294432,-6.717494839752323,-1.161310204722596,-1.121566061277659,0.7641082236837743,0.24535494857241638,0.611061200073943,0.04675098361144768,0.04315659718138107,0.8620665987202561,0.8620665987202561,0.04675098361144768,0.8620665987202561,0.19775289840700225,0.31775289840700227,-0.0035943864300666123,-0.024333462402542923
-0.7721580889089049,0.13233805619160516,1,0,4.035729208059878,4.282262617993116,-1.8396549898024643,-1.4835666860516032,0.6632154402564954,-2.778669641666051,1.2246293575998046,0.13233805619160516,0.12216342291950388,2.0352160310892264,2.0352160310892264,0.13233805619160516,2.0352160310892264,-0.9020283323580642,-0.7820283323580642,-0.010174633272101274,-0.050655101378555396
0.4317241861341032,0.6381019540152103,1,0,-2.1109550614693333,-6.16359664882033,-1.82331714352279,0.8433448919249784,-0.8885846247569626,1.0489037151715825,3.208160913916495,0.6381019540152103,0.589042344412694,1.4460210709526078,1.4460210709526078,0.6381019540152103,1.4460210709526078,-0.2721564464243578,-0.15215644642435783,-0.04905960960251632,-0.03328561605053483
-3.025724901882585,0.4356031792478102,0,0,-10.045540770028769,-15.211791481594894,-2.2731776301211255,0.6953771478606484,-1.8081627135937397,0.4267689222175041,-0.20677216355189393,1.3833821902301653,1.2770227131016123,0.4356031792478102,0.4356031792478102,1.3833821902301653,0.4356031792478102,-1.3543537640172987,-1.2343537640172988,-0.10635947712855298,-0.06848332134659589
-0.6036781736616855,0.6885359622009515,0,0,6.928674108367484,-7.235328593700866,0.1297823224618433,-0.911686276328237,0.7805411094965004,-1.448357837970381,1.2416372628987402,0.7293792086757407,0.6733018702431254,0.6885359622009515,0.6885359622009515,0.7293792086757407,0.6885359622009515,-0.26865629719130296,-0.14865629719130297,-0.05607733843261531,-0.03320803684966857
-1.151309499407364,0.11030472876863251,1,1,-7.717779127952744,-5.004117110835693,-0.40925030661018263,-1.4026906774030896,1.5949368233406982,-0.06734265280915312,1.9076359704420263,0.11949168617845354,0.11030472876863251,2.2086943432973,2.2086943432973,0.11030472876863251,2.2086943432973,0.1964377588275572,0.3164377588275572,-0.009186957409821034,-0.024354806357609334
1.2032582230167888,0.2066065297061262,1,1,10.166015281363835,-0.7977613695933548,1.2213561293133421,-0.798145704786435,-0.0849898009367489,0.12103793966357433,1.5263031999864394,0.22381418172784867,0.2066065297061262,0.23174563305032442,0.23174563305032442,0.2066065297061262,0.23174563305032442,0.5330318098565201,0.6530318098565201,-0.017207652021722475,-0.0194594571829899
-0.4409327625428967,0.42155390830270756,1,1,-9.549911955725802,-1.4794415045838911,0.437517713367115,0.17629262109645927,-0.1998795870983077,-0.0505570358546391,1.3045920856783244,0.4566638971921584,0.42155390830270756,1.2450995124043742,1.2450995124043742,0.42155390830270756,1.2450995124043742,-0.1175395982170371,0.00246040178296289,-0.03510998888945083,-0.03002551302545302
-0.5607161152672309,0.3533124492904131,1,1,-4.000223014482987,7.105092030448323,0.0037053507974743488,-0.3949972712981747,-0.5645071656136869,-0.553765153836162,-1.402095996042765,0.382738807164869,0.3533124492904131,1.0952664832736996,1.0952664832736996,0.3533124492904131,1.0952664832736996,0.1835271130555769,0.3035271130555769,-0.02942635787445591,-0.024565335264441077
-0.04862248525327392,0.019545537195619304,0,1,3.0320781543306996,8.853976497304135,-0.750375308326479,1.498420275650323,-0.20659926056749658,0.7044116685560984,-2.4787565179008344,0.17412331526607244,0.1607360786091451,0.019545537195619304,0.019545537195619304,0.1607360786091451,0.019545537195619304,1.501792244256253,1.6217922442562531,-0.013387236656927343,-0.010201072815818309
-0.5953724284649136,0.07118931403892104,0,0,-1.2950711339207928,13.868108428476184,0.5683113089658791,-0.16135270436911373,-0.48144002289050875,0.18095995742113172,-0.4958252538120278,0.08605651119542763,0.07944017219750378,0.07118931403892104,0.07118931403892104,0.08605651119542763,0.07118931403892104,0.2241346012706807,0.3441346012706807,-0.006616338997923854,-0.02390923186296476
-0.4026481581535347,0.31655854624357443,0,1,-7.006006759341391,-12.345585450251349,-2.123874919888356,0.9222479411719373,0.24301756134819305,-0.3139424547478518,-0.9661853720724374,0.4417813757140577,0.40781560945082246,0.31655854624357443,0.31655854624357443,0.40781560945082246,0.31655854624357443,-0.2628900354668805,-0.1428900354668805,-0.03396576626323522,-0.0330806244164995
0.09711041042316314,0.39406682541664984,0,0,2.36808861858217,-6.76520394453449,-1.469857516107135,0.2238927070680576,1.613440960225359,0.2031664767410382,-1.382761606092826,0.41080562098090107,0.37922138391498256,0.39406682541664984,0.39406682541664984,0.41080562098090107,0.39406682541664984,0.30397101797403414,0.42397101797403414,-0.03158423706591851,-0.022669952675279877
-0.4220404345062681,0.08655636144087167,0,0,-1.2360924410749794,3.7414081253115876,0.22511672703840255,-0.053342962246727924,0.8640436260742304,0.6067331774117265,-2.9858225341099236,0.10534066786676621,0.09724169244709731,0.08655636144087167,0.08655636144087167,0.10534066786676621,0.08655636144087167,0.9282199438742288,1.0482199438742288,-0.008098975419668905,-0.014952438940577847
-0.429217452272037,0.1972781453626062,1,0,-1.595310302524564,-3.4196144700004094,0.5452422044284568,-1.0034794095040838,-1.421728741448699,-0.18847341037356372,0.41097110903001155,0.1972781453626062,0.18211068076906067,0.5231611405296173,0.5231611405296173,0.1972781453626062,0.5231611405296173,0.2693267402454271,0.38932674024542707,-0.015167464593545538,-0.023199635378884233
-1.0101576737113087,0.22169302431513901,1,0,-4.512492602508225,4.62561775426641,-1.6407346102868243,0.7045764170575515,0.7633388475315999,0.046976196299497744,-0.8676236302270486,0.22169302431513901,0.20464845462519474,0.903838605736542,0.903838605736542,0.22169302431513901,0.903838605736542,-0.208483032043197,-0.08848303204319699,-0.017044569689944278,-0.031902245855736686
-1.1537837405205311,0.1136665450282007,1,0,-2.816549776617022,0.011483431172552905,-0.979378004189292,1.0259321315802274,-1.5112226864959049,1.0644704608191784,-0.1651991591304367,0.1136665450282007,0.10492744575282466,0.6448243388152088,0.6448243388152088,0.1136665450282007,0.6448243388152088,0.25800079927234204,0.37800079927234204,-0.008739099275376042,-0.023375470175602774
0.06063689759028058,0.2287189929094372,1,0,-2.5384925169190353,11.40221902619452,-0.09583449964285712,-1.708087705413325,-0.1467166301285866,0.6135855160113759,-1.3364100878519811,0.2287189929094372,0.2111342410837905,1.24551214819551,1.24551214819551,0.2287189929094372,1.24551214819551,1.667148646662603,1.7871486466626032,-0.0175847518256467,-0.009136298188036178
0.3066005097858225,0.08895384884831627,0,1,10.812396571452547,7.842491809999387,0.4986358672518455,0.08901225367902267,-0.6437556138323068,0.8546730864913044,-2.202256768978556,0.6905395350215255,0.6374483326045969,0.08895384884831627,0.08895384884831627,0.6374483326045969,0.08895384884831627,1.0087976061483168,1.128797606148317,-0.05309120241692866,-0.014170409960328263
-1.4281566437839497,0.30031543125428894,0,1,-3.8325389115325805,4.9385117739535715,0.346680748743709,1.6194351580732922,1.4399431391006616,0.3898067205385225,-0.3016807761308459,0.4272342600981132,0.394386929232968,0.30031543125428894,0.30031543125428894,0.394386929232968,0.30031543125428894,0.9946206426614712,1.114620642661471,-0.03284733086514524,-0.014304973783850181
0.7599414153808475,0.18939243602933067,1,0,0.2053920662306179,-1.6586491885019385,-0.6358025565476308,-0.30292579390564206,0.5438072479179061,-0.8072438054594162,0.757423818050381,0.18939243602933067,0.17483125358066037,0.7437486287423402,0.7437486287423402,0.18939243602933067,0.7437486287423402,0.06308366479124644,0.18308366479124644,-0.014561182448670301,-0.02661917832756483
0.7640476398247473,0.08819232315226086,1,0,-1.7620953433866142,1.3331098788502576,2.133160518003324,-0.061883235127395034,-1.3443948032833053,-1.3447447463164128,0.7765655517115755,0.08819232315226086,0.08141177512766457,0.8896017107873626,0.8896017107873626,0.08819232315226086,0.8896017107873626,-0.4240529298440078,-0.3040529298440078,-0.006780548024596295,-0.03683283399549134
0.9746891382786231,0.1948709656013826,1,1,9.20300835023293,-0.9160160899405336,-0.05974617896044361,0.876830896064053,-0.5336342491593495,0.8306235475398316,-0.15829917344972547,0.21110119690130943,0.1948709656013826,0.48735375705160483,0.48735375705160483,0.1948709656013826,0.48735375705160483,1.0588239844091125,1.1788239844091124,-0.016230231299926845,-0.013705607641878986
0.29988908474059767,0.09203729709457706,1,0,-7.784231791495274,-10.945561427867533,-0.7325040553239491,-0.4009984788023845,-1.1970543554232365,1.9893595585816115,-0.09638181355848706,0.09203729709457706,0.08496113342524729,0.13984595659086177,0.13984595659086177,0.09203729709457706,0.13984595659086177,0.8052618571273078,0.9252618571273078,-0.007076163669329769,-0.016229758218193554
0.6370821002889959,0.10459298774763899,0,0,2.877076054396024,12.252676510941468,0.644514088682196,-0.5368691328707993,-1.0519278219798232,-0.23388051091793519,1.1011925333791985,0.158710720847861,0.14650846076146673,0.10459298774763899,0.10459298774763899,0.158710720847861,0.10459298774763899,0.23401604657521302,0.354016046575213,-0.012202260086394273,-0.0237522443406153
2.185025844578322,0.01699492908230517,1,0,3.150971734344216,8.613021302770385,-0.5207317913982836,-0.8705319727294154,0.1554642443691435,0.4990226007177441,1.642848168853183,0.01699492908230517,0.015688296841557533,0.3692106475897774,0.3692106475897774,0.01699492908230517,0.3692106475897774,0.929379316861253,1.0493793168612529,-0.0013066322407476356,-0.014940886436508082
-0.3015216008772933,0.16046203550285976,0,0,-7.508393144331635,-2.8498576535053997,0.35375047837249485,0.643992678531235,0.7192752369203216,-1.1530153819326303,-0.9633320704695443,0.29019024490731105,0.26787935863588,0.16046203550285976,0.16046203550285976,0.29019024490731105,0.16046203550285976,0.19814859289969086,0.3181485928996909,-0.02231088627143102,-0.024327044171092573
-1.0456915008895566,0.43003189240211437,1,1,-4.445824379015958,7.684378649209843,-1.0838962896056503,-1.3321457556916456,0.7954598748704036,0.29005009166375534,0.07949606309144953,0.4658479877269997,0.43003189240211437,1.4087239287095992,1.4087239287095992,0.43003189240211437,1.4087239287095992,0.35659550829891007,0.47659550829891006,-0.03581609532488533,-0.0218884124171194
-1.5340598832214616,0.09103633706391802,1,0,-2.2432745024184446,-7.256799609649142,-2.5927165154022687,2.0554768586186185,-0.8942720041535557,2.0518127559389576,-1.449241480651316,0.09103633706391802,0.08403713085886627,0.11449173397877578,0.11449173397877578,0.09103633706391802,0.11449173397877578,0.9019608384148243,1.0219608384148242,-0.006999206205051747,-0.015216501997389834
1.7556739302323163,0.03221953968960451,1,0,-0.40158055038537954,-10.576075636839281,-0.8124011585565369,-2.20284938250963,0.3621249759426975,-1.1012568208112323,-1.0730001540983543,0.03221953968960451,0.029742383760526913,0.5674437338328955,0.5674437338328955,0.03221953968960451,0.5674437338328955,2.1683610608745267,2.288361060874527,-0.002477155929077598,-0.006541154518055437
1.7687872586986573,0.07842359565736133,1,0,3.49064654068908,9.142228779504372,-1.3725142171743974,0.777355062737863,0.7114636515675471,1.8120338910787854,-0.6857066210729733,0.07842359565736133,0.07239410309372622,0.442554214011886,0.442554214011886,0.07842359565736133,0.442554214011886,1.3835604960742025,1.5035604960742024,-0.006029492563635108,-0.011037670997645731
-0.9245997419342306,0.08535698220156904,1,1,7.534770507915163,-10.461833181331267,0.21881937104680035,-1.2893351974019516,-0.33503902273531805,-0.5188453132811776,0.46444995749542084,0.09246611495472136,0.08535698220156904,0.8732696974556725,0.8732696974556725,0.08535698220156904,0.8732696974556725,0.28049536773131434,0.40049536773131433,-0.007109132753152322,-0.023027538147016073
-0.7273208126785566,0.08913463990534846,0,1,-1.3888159293957507,-2.710921587432633,1.017021806418191,0.9910666908314999,-0.8428122722176108,0.9984679046229995,-0.044085137107797066,0.2614578730141382,0.24135603647083223,0.08913463990534846,0.08913463990534846,0.24135603647083223,0.08913463990534846,0.6288080694029721,0.7488080694029721,-0.020101836543305968,-0.018255790962023906
-0.32399103753117203,0.12980003980244623,1,0,-7.4230675270509465,0.54624572796107,-0.32459689589701496,-0.7085114868189184,-0.559935794361552,1.7423138461962333,0.30741076649402355,0.12980003980244623,0.11982053850327408,1.522542618130928,1.522542618130928,0.12980003980244623,1.522542618130928,0.6955917765456081,0.8155917765456081,-0.009979501299172147,-0.017460826241469822
1.2242568721459834,0.18294940435244206,1,1,-1.9159671421962572,3.155385750352081,0.17461184750120493,-0.26224685853694674,2.4459786114380284,1.3050104888464247,-0.7210621147987927,0.19818672377383728,0.18294940435244206,0.39891656094812694,0.39891656094812694,0.18294940435244206,0.39891656094812694,1.3403489412770524,1.4603489412770525,-0.015237319421395223,-0.011360265237973635
-1.2873021984803101,0.17523941951411492,0,0,-2.8102577808902316,4.587991433461177,-0.2736150547046242,-0.21424454337091037,0.14587197828259946,-0.7012259926314353,0.43881652336169663,0.4728967876560525,0.4365387548390319,0.17523941951411492,0.17523941951411492,0.4728967876560525,0.17523941951411492,-0.46623236937654244,-0.34623236937654245,-0.0363580328170206,-0.03788325909112286
-1.9666195248888751,0.36358448666715876,0,1,-4.773588658813965,1.7578285374648992,1.4520881320393144,-1.3136281090041633,-1.128146737092067,-0.48315855529730695,-0.43679556010782966,0.46584907388400204,0.4300328950513979,0.36358448666715876,0.36358448666715876,0.4300328950513979,0.36358448666715876,0.11979508993460264,0.23979508993460263,-0.03581617883260413,-0.02563155805966731
2.167514476562161,0.21421210796587048,0,0,3.3103833767638706,6.86825553025035,1.9984658747459307,1.0017092200148388,0.9443223521182641,-0.2643656935134005,-0.2863134067868141,0.32250727712813554,0.2977117393456267,0.21421210796587048,0.21421210796587048,0.32250727712813554,0.21421210796587048,0.9475249739368949,1.0675249739368948,-0.024795537782508814,-0.01476123379796774
0.31237328692007543,0.531300428023705,0,0,1.7740293228924617,-5.924130910467378,-1.4517054137653986,0.7817402280478173,0.49105460480878543,1.2859973646782836,-0.2108297133561673,0.590183298867406,0.5448078505488916,0.531300428023705,0.531300428023705,0.590183298867406,0.531300428023705,0.6181778929768973,0.7381778929768973,-0.045375448318514366,-0.018385625325185145
0.45441330591856066,0.14877567736298672,0,0,9.68522736452421,3.1809147418103394,-0.1417791462003969,0.17004552856063573,0.8918975755070955,-1.470215622097479,0.7360561337383746,0.2372879888739754,0.21904442133077687,0.14877567736298672,0.14877567736298672,0.2372879888739754,0.14877567736298672,-0.13712905919884322,-0.01712905919884322,-0.01824356754319853,-0.030420207107762984
-0.20510600519999317,0.09608780540926956,1,0,0.06210180412746418,-10.478738866423631,-0.020495562172830533,-1.0586372679536964,-2.0846057526540664,-0.1364737118783534,1.44771298327407,0.09608780540926956,0.08870022386171494,1.3011656809543615,1.3011656809543615,0.09608780540926956,1.3011656809543615,0.12354486798515724,0.24354486798515723,-0.007387581547554617,-0.025567562979567228
0.46578492371802366,0.3470350018823133,1,1,-4.427683253192982,11.370874447481182,1.674684666741395,0.3553762106700964,1.9620056638422476,-0.04294108295674488,0.9533035516427811,0.37593852956966495,0.3470350018823133,0.9490044941859623,0.9490044941859623,0.3470350018823133,0.9490044941859623,0.23891248877842297,0.35891248877842297,-0.02890352768735166,-0.023674836422742835
-1.514205883340986,0.69427558867947,1,1,4.197480059503368,-11.367094629954245,-0.45123088890642726,-0.5145988392841486,-0.6775091168806363,-2.0605289471243124,1.2870922599469117,0.7520997666188886,0.69427558867947,2.2609099583330172,2.2609099583330172,0.69427558867947,2.2609099583330172,-1.114638325584394,-0.9946383255843939,-0.05782417793941852,-0.05836870887720729
-0.8409205668602298,0.7944285897124012,0,1,5.5636576456997755,-3.1418239762373816,-0.6416324391380163,-0.8014387797551964,-1.1799716816126755,-0.20435943653628302,1.7634923105597426,1.6492890158029072,1.52248565040359,0.7944285897124012,0.7944285897124012,1.52248565040359,0.7944285897124012,-0.3947728316747146,-0.2747728316747146,-0.12680336539931725,-0.03612082648993396
0.10515788452260533,0.2513547716655534,1,1,1.9485536805977357,-9.143973429420225,2.0937788508227175,-1.6608668758020833,-0.35444799597628235,-1.0343577700936986,0.9883377412115197,0.27228937354368615,0.2513547716655534,0.6794254444052228,0.6794254444052228,0.2513547716655534,0.6794254444052228,0.4543461793792612,0.5743461793792612,-0.02093460187813273,-0.02050749172462453
-2.270890892900242,0.4250357900299987,0,0,-3.7010726215504057,-8.551166607242203,0.2865935472939267,-0.636569327379835,0.072573080591019,-0.4774186214077085,1.6142460943748966,0.7333270433653722,0.6769461809779563,0.4250357900299987,0.4250357900299987,0.7333270433653722,0.4250357900299987,-0.671548939653956,-0.551548939653956,-0.05638086238741591,-0.043440275400131366
-0.30251761381422915,0.3147128751046281,1,0,2.058452812034153,0.7406277392911603,0.5469595150160383,0.669823420916438,-2.6669174780328975,-0.06678867882881083,2.083210959059034,0.3147128751046281,0.2905165994274179,0.37492534621940876,0.37492534621940876,0.3147128751046281,0.37492534621940876,-0.22948247338239458,-0.10948247338239459,-0.024196275677210166,-0.03235200630977866
-0.36416437033440724,0.05339223967083915,1,1,-0.3224973999526545,-3.8787741791703643,1.3261290700366843,-1.8470895859203031,-0.3134258326835941,-1.2015194659187214,1.7111015603628703,0.05783912274962193,0.05339223967083915,0.09147657201539601,0.09147657201539601,0.05339223967083915,0.09147657201539601,0.5566818256669706,0.6766818256669705,-0.004446883078782778,-0.019155052236159414
-0.3026902319503614,0.35506409596034005,1,0,-9.850892336197012,8.933061544000878,0.2442782822759085,-0.767795559731436,0.03415794354078901,-2.607365529068484,-1.0849613034565766,0.35506409596034005,0.32776547099598297,0.4524669795620188,0.4524669795620188,0.35506409596034005,0.4524669795620188,-0.20556532848844777,-0.08556532848844778,-0.027298624964357088,-0.03184025197111707
-0.5510818078209812,0.22918001380982747,1,0,1.3426775762605803,1.7895079283976123,0.03644372582630957,0.8456753684533224,-1.9413141205973408,-0.38115530770242934,1.0096857385188218,0.22918001380982747,0.21155981701296667,0.24132528291566016,0.24132528291566016,0.22918001380982747,0.24132528291566016,-0.10041111843661277,0.019588881563387228,-0.017620196796860804,-0.029684602229208584
-0.9958919258744972,0.1735982702465644,1,1,2.607080855473145,-5.508074903846865,-1.4514533243732721,0.2291828347841731,0.06597450310600346,1.7143803203566024,-0.23013619311163766,0.18805676112884578,0.1735982702465644,0.7907258435573652,0.7907258435573652,0.1735982702465644,0.7907258435573652,0.07903326040060532,0.19903326040060532,-0.014458490882281377,-0.026337634397645006
-1.8220318502709199,0.6689093548543746,1,0,3.3079500125255823,-3.12273855277531,-0.17160059837507027,0.8549597531646885,-1.3263486680493446,-0.22088320655085864,-0.45572501084051054,0.6689093548543746,0.6174811597170121,0.7362616392710585,0.7362616392710585,0.6689093548543746,0.7362616392710585,-0.13945265669361018,-0.019452656693610182,-0.05142819513736252,-0.030467366502833992
0.14474704716741205,0.2814905259295946,0,0,-3.2571698562435585,9.323058506573428,-0.13891181270510022,0.848406448962838,0.5541614850821731,-0.7486823085286762,0.13669920332721244,0.3394026576404021,0.3133081412749222,0.2814905259295946,0.2814905259295946,0.3394026576404021,0.2814905259295946,0.3043723643790622,0.4243723643790622,-0.026094516365479936,-0.0226638878173468
-0.30012398679624325,0.3431273689468542,0,1,0.7089836372214993,6.099412601682797,1.4904416141005241,-0.8313656987973053,0.1451667803970126,-0.19316067693862857,-0.06300501583677695,0.5550155167809405,0.5123438960387126,0.3431273689468542,0.3431273689468542,0.5123438960387126,0.3431273689468542,0.28760558593274854,0.40760558593274854,-0.04267162074222797,-0.02291864256079534
-1.3752815465686778,0.25796261856271585,1,1,-1.7580331153495596,-10.428776134112084,-1.6306576222494007,1.4107628543122044,-0.7743519008881833,1.0260719701535328,-0.6213766080475112,0.2794475686325583,0.25796261856271585,0.46080159155226813,0.46080159155226813,0.25796261856271585,0.46080159155226813,0.33865172192289794,0.45865172192289794,-0.021484950069842468,-0.022151825482824284
0.06253341283377067,0.058839672325631066,1,1,0.625485862967357,-5.244132445451798,-0.6255046518957602,1.2131232504654668,0.9938846034779243,0.20866589896398288,0.7611505498063198,0.06374025609658829,0.058839672325631066,0.34505738836615596,0.34505738836615596,0.058839672325631066,0.34505738836615596,0.6312718305190645,0.7512718305190645,-0.004900583770957222,-0.018225830302118766
-0.2949501950727061,0.23736268839857247,1,0,-0.4274692977693457,2.9059118829451123,-0.28855278025639997,-0.008367627718889919,-0.6616243924638191,0.9040649493002597,-0.6934133311673524,0.23736268839857247,0.21911337768299977,0.4367497024908872,0.4367497024908872,0.23736268839857247,0.4367497024908872,0.47087157607045516,0.5908715760704552,-0.018249310715572703,-0.020282802068526378
-0.461023951662115,0.25629188542446907,1,1,-0.8440349612625403,1.4397692361415446,1.4851563449378529,-0.31583416831982436,0.020508564016334337,0.7587280206543343,0.023864421189582014,0.2776376850303595,0.25629188542446907,0.5978818813057826,0.5978818813057826,0.25629188542446907,0.5978818813057826,0.30555684903218067,0.42555684903218066,-0.021345799605890448,-0.022645998196736974
-2.1568948868074505,0.7832942722490431,1,0,-1.8035468748406882,-10.992147010328168,-0.2979083142853102,-0.03002344780847147,0.8938183535575839,-0.6628522221367055,-0.12623700727326478,0.7832942722490431,0.7230717467441155,1.5386290970430974,1.5386290970430974,0.7832942722490431,1.5386290970430974,-0.5608996800887668,-0.4408996800887668,-0.06022252550492768,-0.040351188229292886
0.682767512307893,0.17361151460617916,1,1,3.752460696845786,5.82066155977682,0.010286727337475357,0.8645851955276563,-0.09984537387143656,1.808299094493722,-0.1565385777150951,0.18807110857233605,0.17361151460617916,0.49618892393671926,0.49618892393671926,0.17361151460617916,0.49618892393671926,1.2893825342383267,1.4093825342383268,-0.014459593966156897,-0.011752892330970755
-1.2330510401091301,0.0881218117342753,1,0,3.7319033569590143,-7.4858189593436135,-0.23768363840527992,-0.17103212161773174,-1.3166414286580101,-1.036726846758685,-0.5306668897390933,0.0881218117342753,0.08134668488511519,0.6884962321782329,0.6884962321782329,0.0881218117342753,0.6884962321782329,-0.4565970085575872,-0.33659700855758723,-0.00677512684916011,-0.03764069308197115
0.06327025484124159,0.12531196507347736,0,1,-3.5943395137188636,9.326465770048248,1.1358298488501297,-0.03312605936201012,-0.48464418961570654,1.2265347456065954,1.5511771328922608,0.3658632701107301,0.337734365181684,0.12531196507347736,0.12531196507347736,0.337734365181684,0.12531196507347736,0.3111480544120556,0.4311480544120556,-0.028128904929046128,-0.02256174303895432
-0.8082684434326929,0.1152029427970508,1,0,-2.351952746824484,1.9893889706948151,1.2553824609077604,-0.8530899972351577,-0.49524862019365573,1.813736070314719,0.24113969200002205,0.1152029427970508,0.10634571964780214,0.22309287985075615,0.22309287985075615,0.1152029427970508,0.22309287985075615,0.705004535154135,0.825004535154135,-0.008857223149248666,-0.01735159961284688
-0.3887265175479852,0.7428603796951505,1,1,-2.3753901439940552,-8.989914381060318,-0.26762706489607857,0.7183479613308372,1.0072990673581124,-0.5714495709282644,0.21943995861993149,0.8047310424118659,0.7428603796951505,1.17385486269354,1.17385486269354,0.7428603796951505,1.17385486269354,0.10413048621222987,0.22413048621222986,-0.061870662716715374,-0.025900632730172696
1.152292491749911,0.3265312393543417,1,1,-0.799342741064548,-1.8617906411159568,0.9265600692170585,-1.1602871459598532,0.012345457426139817,-1.1143896530507154,-0.9835804969268109,0.35372706878443483,0.3265312393543417,1.2235106915142488,1.2235106915142488,0.3265312393543417,1.2235106915142488,0.9038445644667291,1.0238445644667291,-0.027195829430093132,-0.015197404843680767
0.5316182008033739,0.29586108771906844,0,0,-6.943512153155978,-2.765465538055944,-0.5631000774803041,0.47711953787947037,-0.32202262863813463,-0.6484181249684061,0.051554563324959245,0.3933219972922884,0.36308196509395146,0.29586108771906844,0.29586108771906844,0.3933219972922884,0.29586108771906844,0.17919899999086394,0.29919899999086397,-0.03024003219833693,-0.024636318655571858
1.1300399462894701,0.058614815104628425,1,1,2.1572544102865336,2.585256610630184,-1.1469627282664296,0.4288032178339101,1.13138676195831,-0.07920404098801156,-0.2026489933002083,0.06349667117700278,0.058614815104628425,0.47076326342248287,0.47076326342248287,0.058614815104628425,0.47076326342248287,0.49526274701230644,0.6152627470123064,-0.004881856072374353,-0.01995565491607501
0.3303854946215733,0.08388541699303115,1,0,3.1061741077505056,-2.5729371196528064,0.3734403532155694,-2.028469418831545,0.5368174565978674,3.1018858037448633,-0.12267622111472039,0.08388541699303115,0.07743599964972632,0.2144805062634187,0.2144805062634187,0.08388541699303115,0.2144805062634187,2.759986301352117,2.879986301352117,-0.006449417343304828,-0.004409215818517833
0.3961435843407805,0.07627430616324626,1,0,-0.8944227320704875,-8.936849610783938,-0.11912503371633071,0.7436070000996834,1.645332668197962,0.974967844434135,-2.1556068785835505,0.07627430616324626,0.07041005882859155,0.23473990501386421,0.23473990501386421,0.07627430616324626,0.23473990501386421,1.343693036442687,1.4636930364426868,-0.00586424733465471,-0.011334966909749056
-1.7811390002261778,0.10148935646576501,0,0,-3.466927968259768,-12.660981721063374,0.5633988376627469,2.5719301452416747,0.6224410467594651,-1.1546019132717495,0.281829624418614,0.1973984852817629,0.18222176851555705,0.10148935646576501,0.10148935646576501,0.1973984852817629,0.10148935646576501,1.6396889909346974,1.7596889909346976,-0.015176716766205856,-0.009305091545220448
-0.31752499386655414,0.18494009317784824,1,0,0.6868185681857655,3.9783182476793977,-1.280687251341067,1.2328036892688596,-0.9558825880279255,0.07424363469202304,-0.8577800019918477,0.18494009317784824,0.17072122311473928,0.5109461937541127,0.5109461937541127,0.18494009317784824,0.5109461937541127,0.44308048101319114,0.5630804810131911,-0.014218870063108957,-0.02066209236999966
-0.22490893184860827,0.0158098049522853,0,1,5.611221358144279,1.9757876926019442,-0.546448057547991,1.486150645860495,0.1034571648936973,-0.5592024737257201,-1.1452279708867228,0.14687578936756474,0.13558344205363945,0.0158098049522853,0.0158098049522853,0.13558344205363945,0.0158098049522853,0.8736254609538829,0.9936254609538829,-0.011292347313925283,-0.015506677666066596
1.2236648203519753,0.12441492761391777,1,0,0.4573141905891136,2.2821191723163325,-1.8717014863994363,-1.2512806335226867,0.11195924144437792,0.9802337687226637,-0.5603514924222011,0.12441492761391777,0.11484945341491751,0.15279777355370594,0.15279777355370594,0.12441492761391777,0.15279777355370594,1.0071103311877998,1.1271103311878,-0.009565474199000265,-0.014186358513782507
-0.5062293279069283,0.4106224818958889,0,0,-5.914869387629701,1.6638432345953962,1.5705436007190146,-0.7175004222282269,-0.2380117228798793,-1.079576720337252,0.9907617345678559,0.5801213048720665,0.5355194594145497,0.4106224818958889,0.4106224818958889,0.5801213048720665,0.4106224818958889,-0.33387801220103036,-0.21387801220103037,-0.044601845457516776,-0.03468381195209627
0.26485950905612243,0.06748257586003224,0,1,-0.5823162765510597,-4.855381330901608,2.097510614044568,-1.7618169609361978,-0.3461620686346983,1.264779847050035,-1.4469455214256013,0.18441940962346487,0.1702405716143933,0.06748257586003224,0.06748257586003224,0.1702405716143933,0.06748257586003224,1.7599525527374194,1.8799525527374192,-0.014178838009071576,-0.008588172967870535
0.22575734308475232,0.056584290614498024,1,1,9.18790688770681,1.4984822584619513,0.5666839069710864,1.2214722002075706,0.07822881435683716,0.5502630709401326,1.7609023861276074,0.061297030256247234,0.056584290614498024,0.3702250345024313,0.3702250345024313,0.056584290614498024,0.3702250345024313,0.6974131108006996,0.8174131108006996,-0.00471273964174921,-0.017439637773863148
1.1576751602807274,0.29527247368295595,1,0,-3.8597333475259368,20.846935864568607,1.9484265541011465,-0.06196721303448301,-0.5323778492992332,-0.9199801110736965,0.9769641504287125,0.29527247368295595,0.2725708470947543,0.9432413071924612,0.9432413071924612,0.29527247368295595,0.9432413071924612,-0.11895806201154066,0.001041937988459335,-0.02270162658820163,-0.030053919856782088
-0.1337440823061335,0.4639952344543684,0,1,3.5440422990367186,8.741868048028687,-1.3717755577909683,-0.25257403799120237,0.10268977095446595,-0.5030025127187545,0.2798202650191239,0.6740475046014982,0.6222242697387641,0.4639952344543684,0.4639952344543684,0.6222242697387641,0.4639952344543684,-0.34387649231794826,-0.22387649231794826,-0.0518232348627341,-0.034915774453511725
0.8277869486931466,0.12852753442025933,0,1,5.999015968290527,-1.3661921820682066,2.564513318292758,-0.12159859034654243,-0.43540562742738964,1.0153318243818528,0.23958364414552194,0.30581547044746904,0.28230325974797776,0.12852753442025933,0.12852753442025933,0.28230325974797776,0.12852753442025933,0.27887275951663176,0.39887275951663176,-0.023512210699491276,-0.02305246140652179
-1.7048651341375245,0.14721903804833716,0,1,-14.532445853472524,-5.788371764682413,1.4393357712113763,0.1646876198197184,-0.2484232079710333,-1.7837248880945553,-1.61973469381174,1.09026611494606,1.0064424726181587,0.14721903804833716,0.14721903804833716,1.0064424726181587,0.14721903804833716,-0.5101883371898427,-0.3901883371898427,-0.0838236423279013,-0.03900981497183363
-1.6140194329439417,0.3549177066471147,0,0,-0.8343065224133321,-23.281810433647507,-1.8356986904271027,0.37933916628423964,-1.3622494798674596,1.255577365919383,0.030246564855953728,0.475912712478689,0.43932280434228094,0.3549177066471147,0.3549177066471147,0.475912712478689,0.3549177066471147,-0.5568410480192924,-0.43684104801929236,-0.036589908136408056,-0.04024215538615169
-2.2833443446245267,0.42367222722913306,1,0,-0.1307318009035794,4.486752523320279,-0.24418691910166884,-0.8438550752043381,0.6222587482702062,-0.8044978195424114,-0.9853780040698807,0.42367222722913306,0.3910987584652459,0.46816594986859367,0.46816594986859367,0.42367222722913306,0.46816594986859367,-0.2390688615166846,-0.11906886151668461,-0.03257346876388717,-0.032559427670616974
0.7859849751333333,0.4052932691047037,1,0,-0.7074227231153054,6.677384542175483,1.1883499206053487,0.3546211607750226,-0.23492942824827223,0.6414329847337166,0.008931873110698613,0.4052932691047037,0.3741328417910296,0.5155095714323008,0.5155095714323008,0.4052932691047037,0.5155095714323008,0.6831138670223647,0.8031138670223646,-0.031160427313674077,-0.0176066817978869
0.6736669377887359,0.2502904667592695,1,1,-0.5579488501338759,-3.4812415323053623,0.38301315045168366,-0.816847902375455,2.0703986089106223,-0.579619967676225,1.5560163269499772,0.2711364258026458,0.2502904667592695,1.635260710965896,1.635260710965896,0.2502904667592695,1.635260710965896,0.3738904497773473,0.4938904497773473,-0.020845959043376272,-0.021637489223036502
0.8968275738992822,0.09210813380264495,1,1,-2.0756843610712252,-9.942407494535093,-0.18886884930447648,0.8070971156549623,0.7342234990261364,1.1468517551500457,-0.8406237071641448,0.09977955017607999,0.09210813380264495,0.17028735457494337,0.17028735457494337,0.09210813380264495,0.17028735457494337,1.2775957219070002,1.3975957219070003,-0.007671416373435047,-0.011845608888956638
-0.677361835706193,0.02986679081122551,1,0,-3.8944915597549405,-9.520640794709465,1.075635401278862,1.8464398509114404,-0.2586929792418571,0.034706067142122404,-0.5234466424801542,0.02986679081122551,0.027570522811952436,0.283767728100355,0.283767728100355,0.02986679081122551,0.283767728100355,1.2910200739080282,1.4110200739080283,-0.002296267999273075,-0.011740068780318177
-0.5635476575346662,0.15741338238871344,1,0,-2.509912503886906,3.3382568765210054,-0.34643625218509994,1.7114227989324904,-1.0042345261302041,-0.942118821850772,1.610900936414377,0.15741338238871344,0.14531086642303154,0.6986286251885888,0.6986286251885888,0.15741338238871344,0.6986286251885888,0.3551431017430928,0.4751431017430928,-0.012102515965681904,-0.021909616596953396
-0.12104764266231073,0.07875973467078476,0,1,-3.9707973802969914,-0.7789929470101798,0.6245484258883623,2.1203702490425242,-0.45043863782585325,0.12628113723756937,-0.6606769437718044,0.08818082351650261,0.08140115962591862,0.07875973467078476,0.07875973467078476,0.08140115962591862,0.07875973467078476,1.8945652440202392,2.0145652440202393,-0.006779663890583987,-0.007851026018691788
1.4436993029476561,0.0456160257341628,1,0,1.3800942274436478,6.8105962182928215,0.14330116864769596,-1.7740966972843037,0.6849545566550082,0.3234740834923381,-0.057554662465918886,0.0456160257341628,0.042108899012399115,0.507345671177714,0.507345671177714,0.0456160257341628,0.507345671177714,1.9147158680465988,2.034715868046599,-0.003507126721763683,-0.007746262561533659
1.693828127622051,0.3194261290837856,1,0,9.308743615255079,3.440885595722901,-0.39036432459966475,-0.8947539873680995,0.7277129120327611,-1.1710899857034065,0.5118959120492431,0.3194261290837856,0.2948674812202501,0.44415904357805647,0.44415904357805647,0.3194261290837856,0.44415904357805647,0.5789386967767157,0.6989386967767157,-0.02455864786353551,-0.018872929449922988
0.7938084898413628,0.14146809459500195,1,0,-5.909806923760997,8.937198856001407,2.0744513948094574,1.4855214886442982,-1.5051279426706532,-0.5367380603433028,0.4214507405553377,0.14146809459500195,0.13059151061281718,0.4156572231935525,0.4156572231935525,0.14146809459500195,0.4156572231935525,0.6485226650829943,0.7685226650829943,-0.010876583982184773,-0.018017423805592354
0.33101972480350106,0.7152686848619636,1,1,-6.4468845722123245,3.1595887156694946,-0.07028192201435018,-1.399405718282421,0.3853159514734912,-0.010016895116299348,1.9143254086037818,0.7748413162238406,0.7152686848619636,1.6059035182463532,1.6059035182463532,0.7152686848619636,1.6059035182463532,0.6732638130144911,0.7932638130144911,-0.05957263136187696,-0.0177226800885999
1.3353826977001257,0.11342234912673632,0,0,7.384872965339864,9.07845955997419,-0.2532287026174467,1.168003385326591,-1.2670884031299756,-1.0280092978965083,0.72166195980949,0.5188074254883788,0.478919615095089,0.11342234912673632,0.11342234912673632,0.5188074254883788,0.11342234912673632,0.5743931474045951,0.6943931474045951,-0.03988781039328976,-0.01893020808211428
-0.2558424571495584,0.20123925756009148,0,1,-0.9225456044973626,-15.30464117529491,1.0837307806073746,-0.9573927260743923,0.02407740648391172,-1.3815791735290779,-0.1812198263054794,0.22664463821555816,0.2092193703576669,0.20123925756009148,0.20123925756009148,0.2092193703576669,0.20123925756009148,0.09960526569824019,0.21960526569824018,-0.017425267857891252,-0.025978888094785837
-0.3909415304822949,0.5648153440983918,1,0,-2.5206352223824195,-9.216890417135563,0.8369227856241259,-0.4349584991361448,-0.2490347059438028,-1.1297953982960518,-0.6483584136249257,0.5648153440983918,0.5213902768272181,1.0773150982713433,1.0773150982713433,0.5648153440983918,1.0773150982713433,-0.018352182593603578,0.10164781740639642,-0.04342506727117379,-0.02810429778361335
-0.12902212061381108,0.10778322422072752,0,1,-1.9371264199058449,-2.6168210986272604,1.7581109162143385,0.07292489171713287,-1.0023077666505982,-0.3147719499179916,-1.5974276211665621,0.17869085131611148,0.1649524457996464,0.10778322422072752,0.10778322422072752,0.1649524457996464,0.10778322422072752,0.2222835769521427,0.34228357695214273,-0.013738405516465074,-0.023938754454640644
-0.9787143694195778,0.10288708732807567,0,0,-1.2645602039777404,5.846254734732126,-1.0141596921402123,1.3603397390464533,-0.14248242438660505,1.890730176101206,-0.09534783849605591,0.13022443000147035,0.1202123000332395,0.10288708732807567,0.10288708732807567,0.13022443000147035,0.10288708732807567,0.8878466553551334,1.0078466553551335,-0.010012129968230851,-0.015360356729831142
-0.17500936437161274,0.07771511483104324,0,1,-3.8630602820032367,14.48111272652987,-0.035978696191495935,0.6408941585421234,-2.672587582219401,0.20493932365357484,-0.04898648806095168,0.6705625593354275,0.6190072597973916,0.07771511483104324,0.07771511483104324,0.6190072597973916,0.07771511483104324,0.23810943004287305,0.35810943004287304,-0.05155529953803595,-0.023687514672367693
-1.1174080437839402,0.24578486204908973,0,0,-0.6752469158274677,-3.1134094835744257,1.4860388935151474,0.9646793941636173,-1.1336916855468007,1.2421386186275805,-0.26231452558099516,0.26762983863970796,0.2470534788291321,0.24578486204908973,0.24578486204908973,0.26762983863970796,0.24578486204908973,0.5358238330375724,0.6558238330375724,-0.020576359810575873,-0.0194232700348595
1.0250078188995784,0.14606126953193188,1,0,-3.1655814576944543,-3.4163820477234648,-0.9044532262960451,0.1971032508712023,-0.2027693556638182,1.5384653140285238,0.3406220284912099,0.14606126953193188,0.13483154547891057,0.35103172235860103,0.35103172235860103,0.14606126953193188,0.35103172235860103,0.7965553504582699,0.9165553504582699,-0.011229724053021306,-0.01632423513970521
0.5436873910330179,0.11741782931122072,1,0,-0.40578356967657325,-14.211727228634137,0.2056589208860058,0.9006470828554398,1.092871618092712,0.7836050942972992,1.4194634728149536,0.11741782931122072,0.10839031759442372,0.16612213999765515,0.16612213999765515,0.11741782931122072,0.16612213999765515,0.7526909715833807,0.8726909715833807,-0.009027511716796999,-0.016808651787995166
1.4295623975478253,0.0773762133306302,1,1,-8.243622901547859,8.016405826463608,0.6086824129137884,0.1676514647267018,1.2391720620880293,-0.09089614008213873,0.033246516344661574,0.08382065124673042,0.0773762133306302,0.3543127358079784,0.3543127358079784,0.0773762133306302,0.3543127358079784,0.7507991034882089,0.8707991034882089,-0.006444437916100221,-0.016829864997408205
-1.6292828029141895,0.38197088770397963,1,0,2.6378243976517775,-6.346623732466714,1.7215769172969146,1.6219241279552312,-0.008175806923322827,-0.45355157730561674,1.4631735002084985,0.38197088770397963,0.3526035702833576,0.994499556134485,0.994499556134485,0.38197088770397963,0.994499556134485,0.1711241715246825,0.2911241715246825,-0.02936731742062204,-0.024769298963615318
1.9016969469220728,0.06847398054968377,1,0,1.5295564872048617,24.508148656071086,0.8004183579152141,0.315581254197363,-0.32187271018994457,0.3316965787145939,-0.02170845988770261,0.06847398054968377,0.06320945074757364,0.27136767269288464,0.27136767269288464,0.06847398054968377,0.27136767269288464,0.9230629875742089,1.043062987574209,-0.005264529802110132,-0.01500393345764558
-1.5724754137934402,0.6277368105748846,1,0,1.3922675152151136,-7.622340477036186,-0.6643381795729958,0.12904232858723516,0.2654240456396075,-0.375395066920231,0.9038256886095176,0.6277368105748846,0.5794741110702871,0.7611683474989775,0.7611683474989775,0.6277368105748846,0.7611683474989775,-0.6389394785676082,-0.5189394785676082,-0.048262699504597495,-0.04250609063253239
-1.1983080750832058,0.37956280150953764,0,0,-0.4362004335280334,13.366479962200582,1.288832392310989,0.9698976936554127,-0.27624838521399475,0.7558215041883719,0.07796139746004017,0.89615994389769,0.8272598931888882,0.37956280150953764,0.37956280150953764,0.89615994389769,0.37956280150953764,0.39217527685369874,0.5121752768536987,-0.0689000507088019,-0.021375331804413537
-0.6208215468630901,0.07933893030235563,0,1,1.7325817204963618,3.6418117830372387,-1.2357459785659517,0.6727293784977457,0.14613164095694817,2.5935480020693076,1.45727086327856,0.19297056565415013,0.1781342835268215,0.07933893030235563,0.07933893030235563,0.1781342835268215,0.07933893030235563,0.3887506521680243,0.5087506521680243,-0.014836282127328626,-0.021424189215264216
1.3077206919698647,0.27645672778713376,0,0,1.2920458477363879,-5.395935015652279,0.7111501569345241,0.24917050128817964,0.16372225505801816,-1.0036894036331077,-1.7389872271999107,0.31376902134648493,0.2896453125946776,0.27645672778713376,0.27645672778713376,0.31376902134648493,0.27645672778713376,0.7150003531570148,0.8350003531570148,-0.02412370875180736,-0.017236355072612012
0.2255734972285734,0.4280459751931459,0,1,1.8173484472504808,3.121658865634366,-0.8725591090815651,-0.047717018170430385,-2.105539278208984,-0.5443217922727491,-0.24761303312442595,0.6989655534505103,0.6452265279513478,0.4280459751931459,0.4280459751931459,0.6452265279513478,0.4280459751931459,-0.10272268858427683,0.017277311415723168,-0.05373902549916243,-0.029730382855430306
-0.2438292505215718,0.04371148176167589,0,0,-4.81099292206518,4.757596958873751,-0.21542655348545797,-0.6617235981881447,-0.3415138143814004,1.7238938281238618,0.662145281490603,0.31481898591666435,0.29061455205253695,0.04371148176167589,0.04371148176167589,0.31481898591666435,0.04371148176167589,0.6618272636685435,0.7818272636685435,-0.024204433864127406,-0.017858320722040206
-0.7926274346451605,0.15058033930198322,1,0,-6.746253582737282,-2.5055119774583807,-0.5603007768981497,-0.06834778836196333,-0.0283133356522669,-0.7679554337401511,-0.7691302177438546,0.15058033930198322,0.13900317265410667,0.8064460450725766,0.8064460450725766,0.15058033930198322,0.8064460450725766,-0.20137174244333417,-0.08137174244333417,-0.011577166647876558,-0.031751359730543334
-1.3759351506606998,0.09043756381458136,1,0,-2.861125390903632,4.425659642420094,1.010524020326713,-0.419784377516816,-1.0946963870308715,-0.04314034406944269,0.1180097531291236,0.09043756381458136,0.08348439348462455,2.831121859409796,2.831121859409796,0.09043756381458136,2.831121859409796,-0.17859120355818758,-0.05859120355818759,-0.0069531703299568065,-0.03127279419900191
1.1326273236930104,0.053935205293572014,1,0,-0.14237684830185948,7.489827632497769,-1.9727042241938353,-0.04074635781719302,0.8679799343482604,0.45122938552183306,2.229795115194971,0.053935205293572014,0.04978846965221533,0.13386423664485805,0.13386423664485805,0.053935205293572014,0.13386423664485805,-0.23723099078779555,-0.11723099078779556,-0.004146735641356682,-0.03251955875419943
0.7986392610486397,0.0344622191101848,0,1,7.805086819309508,4.1419679002241425,1.251109482312179,1.4489340247508535,2.8000859359143266,0.7581562617745978,0.16307020793270105,0.16235602781928862,0.14987350321438866,0.0344622191101848,0.0344622191101848,0.14987350321438866,0.0344622191101848,1.530306123245368,1.6503061232453682,-0.012482524604899958,-0.010008989509417615
1.3524503770923502,0.2454388446336105,1,0,4.1316769497689085,2.0583423232321327,0.973740293431332,-0.5592364333949937,0.10768631949496932,-0.6477276430783137,0.39798455756288165,0.2454388446336105,0.2265686095195357,0.2560976172897893,0.2560976172897893,0.2454388446336105,0.2560976172897893,0.4910869338927386,0.6110869338927386,-0.01887023511407479,-0.02001128637274083
0.39681812698112423,0.0877215248536798,1,0,-2.8938977116233406,-8.194397670293156,-0.6519090880198202,-0.6869284998617177,0.4134732931055044,-0.13771144078056718,-1.927521135716747,0.0877215248536798,0.08097717352239338,0.4140712935436975,0.4140712935436975,0.0877215248536798,0.4140712935436975,0.7617767529398123,0.8817767529398123,-0.0067443513312864245,-0.016707146360356397
-2.642102458555535,0.5689029236273973,1,1,-4.686316727992389,-4.244880073903342,-1.4555569213120896,-1.1472664914614634,-0.8829719061139744,0.4144233294786382,0.21893884707163588,0.6162851799280342,0.5689029236273973,0.8193400632233612,0.8193400632233612,0.5689029236273973,0.8193400632233612,-0.5120815914521939,-0.3920815914521939,-0.04738225630063697,-0.039059083056609475
-1.2445829326814521,0.17512550630932822,0,1,-1.5352047209973667,-1.2990134027556801,1.065279371699199,0.7528018229417711,1.0719029561826579,0.6083961914591229,0.20967930909148969,0.3191895152139114,0.2946490590891874,0.17512550630932822,0.17512550630932822,0.2946490590891874,0.17512550630932822,0.2915745321485914,0.4115745321485914,-0.024540456124723997,-0.02285808081179429
0.4648713058467087,0.041099143049235565,0,1,-1.2187878910387626,-13.974684742355551,1.0993517422876555,0.9194127917400996,0.3760953675539912,1.2710718708601423,-2.3457882425033967,0.18606718096795333,0.17176165627759804,0.041099143049235565,0.041099143049235565,0.17176165627759804,0.041099143049235565,1.5116621857272414,1.6316621857272415,-0.014305524690355287,-0.01013417050341466
-0.36971702523602007,0.1348133096214251,1,1,0.4766846110655283,-0.45180878148167736,-0.29046317414044986,-0.305790465651731,1.1526828774815703,1.5713949969507695,-1.4501793702102626,0.14604151486334985,0.1348133096214251,1.0467563825575426,1.0467563825575426,0.1348133096214251,1.0467563825575426,0.9279180995477165,1.0479180995477164,-0.011228205241924749,-0.014955448115909672
-0.5588419669281268,0.15600119491481235,1,1,-0.7169817048979226,-1.197142246560479,1.411167174149276,-1.171445186026269,-1.1412152455608227,-0.2342857023273647,-0.3182064721325846,0.16899407699305674,0.15600119491481235,0.15894145048703687,0.15894145048703687,0.15600119491481235,0.15894145048703687,0.416837676092615,0.536837676092615,-0.012992882078244394,-0.021026760546664046
-1.1032267648895286,0.2689522153008177,0,0,-8.369720335396815,-11.743886587724152,-1.5584172797168765,0.6498779734925669,0.6794024247266021,1.0540415961636707,-0.43345532977786516,0.43948264333222825,0.4056936120131875,0.2689522153008177,0.2689522153008177,0.43948264333222825,0.2689522153008177,-0.00638739375948659,0.1136126062405134,-0.03378903131904076,-0.02788101481977254
0.9475895674145403,0.902776841204191,1,1,-8.120219166266988,-0.5237655709277873,-0.039582714972448675,-0.030427164902642686,1.6879954414684644,-2.834244782633218,-0.9569443489891034,0.9779664770729498,0.902776841204191,1.6605799302402429,1.6605799302402429,0.902776841204191,1.6605799302402429,-0.027254313501539007,0.09274568649846099,-0.07518963586875882,-0.028271585791149544
0.4561926374143078,0.09433915802668583,1,1,-0.9038233376104191,-1.5152399449990015,0.005540842791797656,-1.085570234915503,-0.2583203572711174,-0.12607553636990937,-0.6576861087924688,0.10219638986565302,0.09433915802668583,1.1685175091503734,1.1685175091503734,0.09433915802668583,1.1685175091503734,0.8648054194392698,0.9848054194392698,-0.007857231838967194,-0.01559812595566599
0.5011912229081226,0.17059611635807106,1,1,3.097257743668965,15.210897254301544,0.06446892610267248,0.6281492777578134,-0.23626644503100197,-0.45319473396873566,-0.16576491665387216,0.18480456664627085,0.17059611635807106,0.9648470599951041,0.9648470599951041,0.17059611635807106,0.9648470599951041,0.4316255400829983,0.5516255400829984,-0.014208450288199781,-0.020820485091722598
-0.6336022487850572,0.13785318549973968,0,0,-1.2645552950806185,0.721661872972531,-0.007436346645589392,-1.740319565334422,0.46155391796127865,-0.4510012294467944,1.2615350748110512,0.3259705010506482,0.3009086979596954,0.13785318549973968,0.13785318549973968,0.3259705010506482,0.13785318549973968,0.724834010952266,0.844834010952266,-0.025061803090952794,-0.01712372704619932
0.17628775889980952,0.22277137764511296,0,1,4.867640221287267,8.308569429421478,0.5910534756424747,1.1700664042196551,-1.0110037937149083,-0.37138664118742654,-1.2424584874574092,0.24882973231621228,0.22969879336810645,0.22277137764511296,0.22277137764511296,0.22969879336810645,0.22277137764511296,0.8572703079911157,0.9772703079911157,-0.01913093894810583,-0.015676678837022433
-1.337764926196481,0.048570384068422186,1,0,-2.1252759480158248,-2.8851743385892292,-0.7051912089293261,1.2521054245085916,1.4874905779224952,-1.1481332948044598,-0.45827766831728356,0.048570384068422186,0.044836115483837556,0.24391571121916775,0.24391571121916775,0.048570384068422186,0.24391571121916775,0.035312151265638025,0.15531215126563802,-0.0037342685845846296,-0.027116605467427515
-0.12982798084619354,0.3048059416846876,1,0,6.004303584190954,-12.601168072396256,-0.07619567202394918,0.5856056418097813,-1.7598102635364925,-1.6030000815284384,0.4896261438724024,0.3048059416846876,0.2813713472449068,2.015172902528309,2.015172902528309,0.3048059416846876,2.015172902528309,-0.3651291949288531,-0.2451291949288531,-0.023434594439780798,-0.035413998703381966
-2.527929578593109,0.3011904651236108,0,0,2.259734421314456,1.081742624282929,-1.9490385689179244,-0.44679740613887026,0.16209180855884073,0.4156659699331173,-0.14171809554383202,0.5030682326583554,0.46439050891476313,0.3011904651236108,0.3011904651236108,0.5030682326583554,0.3011904651236108,-1.0009169228753598,-0.8809169228753598,-0.038677723743592296,-0.05410711380704095
-1.568116139134555,0.27468176983051185,1,0,2.5958314985981903,-6.975320849309486,-0.3657567190475306,0.8445708597164794,0.28520592636575753,-0.6470166219514599,0.037722896682238334,0.27468176983051185,0.25356323178495693,0.5037813936300519,0.5037813936300519,0.27468176983051185,0.5037813936300519,-0.24193338836352496,-0.12193338836352496,-0.021118538045554913,-0.032621665315290684
-0.32231184425201137,0.016681589684510518,1,0,-7.273162585628235,-3.7864251332327004,0.3831690226561928,1.7182372414513813,0.7863236682915793,1.2145568559539437,-0.61060739629963,0.016681589684510518,0.015399048121486342,0.03760234730697877,0.03760234730697877,0.016681589684510518,0.03760234730697877,1.7001358882411008,1.8201358882411007,-0.0012825415630241758,-0.008937570506166958
2.375118146274932,0.29299918623622023,0,1,4.4523265612639,-3.5898576550455186,-0.5241829062550026,-0.2353799928129901,-0.143572646638164,-1.0080249578028904,1.2659336265568182,0.33577292779657175,0.309957478323115,0.29299918623622023,0.29299918623622023,0.309957478323115,0.29299918623622023,0.3387866225879545,0.4587866225879545,-0.025815449473456764,-0.022149833375077935
-1.8007430734248644,0.3714617743704789,0,1,3.4557920707505794,-2.5461837846990463,0.883351637758792,-0.3056778613015072,0.6417106490138536,0.2228991630038379,0.7198279809313747,0.5479904538229246,0.5058589455877724,0.3714617743704789,0.3714617743704789,0.5058589455877724,0.3714617743704789,-0.23340958589226646,-0.11340958589226646,-0.042131508235152104,-0.03243681726118375
-1.2435805925398629,0.3171561591448228,0,1,-0.5489949596488359,5.813588934822013,-1.34430712352563,-0.14566107319743485,-0.05803852790579535,0.6236420996116513,-0.6284376011821333,0.4572042271741787,0.42205269574155324,0.3171561591448228,0.3171561591448228,0.42205269574155324,0.3171561591448228,-0.22459300112430697,-0.10459300112430697,-0.03515153143262545,-0.0322467218399367
0.21677479669281008,0.21286046411086412,1,0,4.560142855233817,7.481784383085186,-2.4999307240823962,-1.0816997176829206,-0.06104798571090735,0.06388422550333159,1.6837481226249844,0.21286046411086412,0.19649497392018453,0.5946694870317154,0.5946694870317154,0.21286046411086412,0.5946694870317154,-0.5590260725631475,-0.4390260725631475,-0.016365490190679594,-0.040300818167128105
1.769422906014603,0.024924107792943222,0,0,-4.55631386903184,13.78002610911284,0.582746440658099,0.08153027923148934,-0.032391276781437675,1.104183382169693,-0.5901104521574382,0.28970423566850784,0.2674307155630459,0.024924107792943222,0.024924107792943222,0.28970423566850784,0.024924107792943222,1.2316856454673428,1.351685645467343,-0.022273520105461964,-0.012213769448747181
0.20217249698807344,0.27208038489527164,1,0,10.054895477296741,12.266858039258704,-0.14028378774059883,-1.0892581201383016,1.418906048695304,0.3924989370016137,-0.7075232960039459,0.27208038489527164,0.2511618508279928,0.586011577630983,0.586011577630983,0.27208038489527164,0.586011577630983,1.0328666910304036,1.1528666910304035,-0.020918534067278838,-0.013944845311556311
0.7021418523041564,0.055481399030095364,0,1,-3.114699229675896,-13.684059414395724,-0.11445501031830795,0.5096507632062802,-0.2507189127222754,-0.5344706217126008,-0.6542736859843314,0.3729231571814499,0.3442514623403092,0.055481399030095364,0.055481399030095364,0.3442514623403092,0.055481399030095364,0.49537696202348763,0.6153769620234877,-0.028671694841140738,-0.01995413548369018
-0.33760375067647724,0.2534828710979081,1,1,-9.792240466303088,-8.588104717763443,0.3389618992411148,-0.3580542792106851,-0.45375773476274617,-1.3360617550554057,0.07764057652716963,0.2745947161374824,0.2534828710979081,1.9422308839919942,1.9422308839919942,0.2534828710979081,1.9422308839919942,-0.22990139015761962,-0.10990139015761963,-0.02111184503957425,-0.03236104277033181
-0.5106215889393767,0.1880898621422527,1,1,-2.101654728732896,-14.39214317574669,-0.1812234387919082,-0.3216483486419647,0.19877067748871843,0.7480022627358979,0.7015654719404685,0.20375531521946816,0.1880898621422527,0.3632459474061106,0.3632459474061106,0.1880898621422527,0.3632459474061106,0.1994733793174659,0.3194733793174659,-0.015665453077215452,-0.024305568231031527
0.08218435206775646,0.07320496213753007,0,1,-11.742950038921702,5.325469329518691,0.5527285008997627,-0.24067027863572127,-0.5669983359412419,-1.0439156413224373,-0.593156507338082,0.37422373879529747,0.3454520504878617,0.07320496213753007,0.07320496213753007,0.3454520504878617,0.07320496213753007,0.08902383172586409,0.20902383172586408,-0.02877168830743576,-0.02616279860379472
-0.6582893906261043,0.10457801296396257,0,1,-6.187460054993574,-5.822269061655489,0.019650095136569568,-0.7862861216524827,0.09605713911744292,-0.9654566779118643,-1.660991889007022,0.3939529479926335,0.3636644059992042,0.10457801296396257,0.10457801296396257,0.3636644059992042,0.10457801296396257,0.2748977709886551,0.3948977709886551,-0.030288541993429285,-0.02311363126697776
0.7242693387177451,0.14753208198320006,1,1,13.421796865277809,-1.8036980745481084,0.819406120864795,-0.47441459536584457,-0.8370336532238911,-1.0938471412974384,0.42303597473040044,0.1598195964795624,0.14753208198320006,0.4401022397565247,0.4401022397565247,0.14753208198320006,0.4401022397565247,0.10850072261949778,0.22850072261949778,-0.01228751449636234,-0.02582528129258682
-1.606271898945584,0.508293288650573,0,0,-5.249169507057928,-4.60138353458229,1.3749077114679673,-0.4030738610061444,-0.21556337466258174,1.0716318398890723,-1.8104457043583122,0.6696978193385019,0.6182090041708552,0.508293288650573,0.508293288650573,0.6696978193385019,0.508293288650573,0.4655053110939225,0.5855053110939226,-0.051488815167646695,-0.020355493945866356
0.8899870325668338,0.03381700051045762,0,0,-8.001003287414367,5.016894361313884,1.966868642912667,2.4441003023263694,-2.706337529420083,-0.097503228916757,-0.7189470318695635,0.04010250104185231,0.03701927424272096,0.03381700051045762,0.03381700051045762,0.04010250104185231,0.03381700051045762,2.255396780136707,2.375396780136707,-0.0030832267991313528,-0.00617241313269362
0.03931301230275213,0.3635625654716212,1,1,0.3643570608943051,-11.146203459156823,-0.26477177090473386,-0.4183850696159234,0.8117590984793583,-0.1125699069679908,-0.9109072141999566,0.3938426254661377,0.3635625654716212,0.6376764828566289,0.6376764828566289,0.3635625654716212,0.6376764828566289,0.46753485055337624,0.5875348505533762,-0.030280059994516495,-0.020327971050879103
-0.21472086860086348,0.06614823771214597,0,0,-4.133181018300705,-8.314458357412976,-0.17218516129512423,0.5147842369624097,-1.1837213277652818,-1.6462336889699805,1.99274280083532,0.13877296428718325,0.1281035917700277,0.06614823771214597,0.06614823771214597,0.13877296428718325,0.06614823771214597,-0.6921066245184266,-0.5721066245184266,-0.010669372517155551,-0.04403972813205917
-1.6429845601864217,0.5401591008716242,1,0,2.2576034857413227,-2.3808874622363496,-0.6424266797084363,-0.13735298691952277,-0.39779540582557266,0.548087704082142,1.7727899230910438,0.5401591008716242,0.49862969566410403,1.3368875898406598,1.3368875898406598,0.5401591008716242,1.3368875898406598,-0.5754473597661997,-0.45544735976619966,-0.04152940520752019,-0.04074443620271531
-0.9797886719978697,0.1428665943438855,1,1,-5.600769031110042,7.926402335444911,0.5799338417292843,-1.518365147539991,-1.3841234270085299,-0.3989647753269165,-0.2682331995332666,0.1547655340554955,0.1428665943438855,2.0980754844736316,2.0980754844736316,0.1428665943438855,2.0980754844736316,0.6094773759156851,0.7294773759156851,-0.011898939711610018,-0.01849257817156193
1.1986514731331785,0.09250310823246126,0,0,3.1541810110107953,1.6683706346773466,-1.7219512695466006,0.8193409201744406,-1.0863205578814785,1.4933015621257555,1.8206325972057207,0.5012196793836811,0.46268407916974463,0.09250310823246126,0.09250310823246126,0.5012196793836811,0.09250310823246126,0.40936886189287003,0.52936886189287,-0.03853560021393643,-0.021131718278245934
-0.2085989980333654,0.3196669532794874,0,1,-6.566051163254465,-5.928927745901977,-0.24825353263217734,0.4389726404181848,-1.2319472220842016,0.6236763264791144,-0.49819242343437004,0.37386292675926375,0.3451189789994259,0.3196669532794874,0.3196669532794874,0.3451189789994259,0.3196669532794874,0.4168130820300839,0.5368130820300838,-0.02874394775983785,-0.021027105305132857
0.27839846587282113,0.22748475699917645,1,0,13.442540777240604,-14.915247456003655,-1.0872353215883535,-0.2893349882529842,-0.46574800840536296,-0.32515940300375434,0.949679902816359,0.22748475699917645,0.20999489773973146,0.6073919951354072,0.6073919951354072,0.22748475699917645,0.6073919951354072,-0.18679794853928927,-0.06679794853928928,-0.01748985925944499,-0.031444361672424606
-0.8795320133153465,0.11105442158070171,1,0,-0.5350932148413476,5.552289092144701,-0.7853075926357327,1.735022999773876,-1.3250596328253537,1.6154302731785954,-1.0165106219066937,0.11105442158070171,0.10251615189965853,0.2370258228958041,0.2370258228958041,0.11105442158070171,0.2370258228958041,1.4066478815082577,1.5266478815082576,-0.008538269681043181,-0.010869084423818983
-0.029054636225450865,0.028517678917411332,0,0,-0.2578867237502551,-5.585100032931579,-0.0010132325366156636,-0.4901961134780198,-0.34372867153785464,0.8013572363555488,1.4998267972288106,0.13703699096254573,0.12650108641716362,0.028517678917411332,0.028517678917411332,0.13703699096254573,0.028517678917411332,0.26260804229089024,0.38260804229089024,-0.010535904545382113,-0.023303782678021294
-1.3721520481199794,0.27953313227960663,1,1,-3.6903025775506126,-10.40706097540027,1.190524704955642,-0.40485633234184776,0.18425522240455336,-0.7820778736683621,-0.9915503125746948,0.3028146271851714,0.27953313227960663,0.5316710308990318,0.5316710308990318,0.27953313227960663,0.5316710308990318,-0.13802629358959975,-0.018026293589599757,-0.023281494905564748,-0.03043840858821242
0.09988225428788719,0.012443483652892105,0,1,-1.620921697580764,-11.658697891054214,-1.1463009057286688,-0.4375733069841293,0.24960563101494201,-1.9118151597515047,-0.046353702580765745,0.37646291897950274,0.3475190743184067,0.012443483652892105,0.012443483652892105,0.3475190743184067,0.012443483652892105,-0.48298791546178405,-0.36298791546178405,-0.028943844661096063,-0.038308801192110394
0.37064089727020477,0.10242746909557103,1,0,-3.6532111387367743,-9.317525839764766,1.5160251245495246,1.1219110690741252,-0.5851840765266658,-1.396872909282786,0.4598303064648266,0.10242746909557103,0.09455247104113358,0.4350595622500044,0.4350595622500044,0.10242746909557103,0.4350595622500044,0.16516214949108166,0.28516214949108165,-0.007874998054437449,-0.024867944947709317
0.3206147271850177,0.1645855135616634,0,1,-4.241315883504364,-7.125929547192379,-2.3174282502075,1.1101541158826773,-0.2135874578832405,1.8313003205774008,-1.7269654855764658,0.21484871883920464,0.19833036436069615,0.1645855135616634,0.1645855135616634,0.19833036436069615,0.1645855135616634,0.7772731867229319,0.8972731867229319,-0.016518354478508496,-0.016535434072088268
-0.9035848304901618,0.13258437650011382,1,0,6.854586713376488,-2.471952346330416,0.9181462252078333,-0.10050883681419848,-0.33105053147208047,-1.3698434652121445,0.5957479067117164,0.13258437650011382,0.12239080522273521,1.265536632203612,1.265536632203612,0.13258437650011382,1.265536632203612,-0.5429244001162887,-0.42292440011628873,-0.010193571277378605,-0.03987052473129646
-0.3420509841005016,0.15217717182406953,1,1,-4.022406020025393,-9.610776688108471,0.6761373847768578,1.7851278019658896,1.0080502628605923,-0.593895328955735,-1.0038625836175148,0.1648515622323646,0.15217717182406953,0.30009317933729934,0.30009317933729934,0.15217717182406953,0.30009317933729934,1.3178424343090482,1.4378424343090481,-0.012674390408295072,-0.011532003686044331
0.5371941459816314,0.18998226909935081,1,1,-10.007196145292758,2.026665071438951,-1.3684914335223863,1.4732243456394702,-0.778174284277866,1.4802298689713072,0.5250720408620666,0.20580533520287064,0.18998226909935081,0.5379455158176168,0.5379455158176168,0.18998226909935081,0.5379455158176168,1.1037984076883225,1.2237984076883226,-0.01582306610351983,-0.013300772512126144
-0.21143759527809844,0.12583667418054995,1,0,-5.753194634769963,-2.424423896710211,0.3299028815939605,-0.3068683125602983,0.6606729130022508,-0.015470762836802118,-0.36921329146881043,0.12583667418054995,0.11616189091099474,3.6014204726639174,3.6014204726639174,0.12583667418054995,3.6014204726639174,0.3452344807043136,0.4652344807043136,-0.009674783269555204,-0.022054825066135635
-0.28730538234011005,0.43641941969673165,0,1,3.5318377446080085,15.8773381956397,0.6960047866482002,-0.14397210922113055,-0.7983347787388269,0.5998267754606512,-0.06398565562856524,0.8634504858851454,0.797065257816061,0.43641941969673165,0.43641941969673165,0.797065257816061,0.43641941969673165,0.34125048742493364,0.46125048742493363,-0.06638522806908442,-0.022113480442423752
1.9034676086255564,0.13834247700508864,0,1,1.5927067010035856,-9.913800637776482,0.4889100117578045,-0.45385985835418646,-1.209121304680956,1.7350739625142755,1.5466114107635742,0.2880570618027781,0.2659101824422499,0.13834247700508864,0.13834247700508864,0.2659101824422499,0.13834247700508864,1.0572865157514364,1.1772865157514363,-0.022146879360528227,-0.01371966280522874
-0.9509891188661246,0.504656759753067,1,1,-2.569005864362311,-0.8118168991775205,0.8837849612619612,-0.3878106853742732,-0.3003179731610725,1.3823274458964647,-0.3538300375674132,0.546688141455246,0.504656759753067,0.5660191533066882,0.5660191533066882,0.504656759753067,0.5660191533066882,0.5000147917268628,0.6200147917268628,-0.042031381702179016,-0.019892534842357885
1.0804184680889826,0.059420072902578176,1,0,5.69725314128123,2.197212867471016,-0.6325560363472975,1.8722346756364532,-0.04767768161387231,1.7684253285138456,-1.398391910690002,0.059420072902578176,0.0548516405998555,0.10004240905000984,0.10004240905000984,0.059420072902578176,0.10004240905000984,2.4586143431809075,2.5786143431809077,-0.0045684323027226775,-0.0053903563370072734
-1.1546806635049305,0.08708356942821084,1,0,-6.803541813965042,-9.282375504058258,0.5181848827845018,2.071082599216615,0.029750744658861888,-0.2640044922677962,-1.1677519175984197,0.08708356942821084,0.08038826644087693,0.25875396327153755,0.25875396327153755,0.08708356942821084,0.25875396327153755,1.5213960672862925,1.6413960672862924,-0.006695302987333909,-0.010068620209456555
0.6547810857714145,0.6341073333438793,0,1,4.831906069375041,2.202162249653835,1.0823430544352473,-0.7701280826406874,-0.09480855938998854,-1.2345022797926115,1.5568946000974326,1.1198441917070194,1.0337464787708792,0.6341073333438793,0.6341073333438793,1.0337464787708792,0.6341073333438793,-0.02508694565789804,0.09491305434210195,-0.08609771293614021,-0.028230765338608584
0.7081525581239733,0.10855306458916648,0,0,-3.123938934433149,6.3810003744422055,1.1548853107256827,-0.031584749213130925,-1.154148935586928,1.535907049242632,-0.36593172704714716,0.3258655619501419,0.3008118269606429,0.10855306458916648,0.10855306458916648,0.3258655619501419,0.10855306458916648,0.9082139531521849,1.0282139531521848,-0.025053734989498977,-0.015153200344635308
-0.5103651550570457,0.2661688601830971,0,0,2.8742825210675944,0.8265229417489797,-1.1052048408175186,-1.762118012472544,-0.6459651318937749,-1.4546381225299396,-0.6228208365228246,0.3239548368105143,0.2990480053508008,0.2661688601830971,0.2661688601830971,0.3239548368105143,0.2661688601830971,0.4948863483039926,0.6148863483039926,-0.024906831459713508,-0.019960663066225123
-1.2174768528621063,0.23353866905005277,0,1,-3.434989033449466,8.445929077411327,0.7444087336977152,-0.3754001639752333,0.3556933821137109,-0.7233346595322319,0.06516906636423135,0.5382916023015054,0.4969057772071737,0.23353866905005277,0.23353866905005277,0.4969057772071737,0.23353866905005277,-0.2437650773252593,-0.12376507732525929,-0.041385825094331696,-0.032661524809917346
-1.9704332038034176,1.3716456511443282,1,1,-3.460261821293079,-18.554664139472024,1.920900822086021,-0.3484860780268965,0.38442943761965875,-1.5655272274684384,1.5201061224168706,1.4858859953172487,1.3716456511443282,2.5617490756678407,2.5617490756678407,1.3716456511443282,2.5617490756678407,-1.1218651742383612,-1.001865174238361,-0.1142403441729205,-0.05865060194823803
-0.6151135089253357,0.3701136663773749,0,1,2.7199492045706855,-7.221820209955139,-0.47720662894486526,1.050533649906501,-0.12318029575890527,0.6115793650208063,0.6710124272110006,0.4492421032322094,0.41470272897876503,0.3701136663773749,0.3701136663773749,0.41470272897876503,0.3701136663773749,0.38851979076239795,0.508519790762398,-0.03453937425344439,-0.021427486814644958
0.5262186479523238,0.06099782627371261,0,0,3.482608375970625,11.630069846831901,-0.452440339512717,1.091906435761852,-0.7589848639930996,0.7779342200275429,-0.390205294166531,0.06151054376694444,0.056781388426397,0.06099782627371261,0.06099782627371261,0.06151054376694444,0.06099782627371261,1.0125771183167902,1.13257711831679,-0.004729155340547436,-0.014134750080259918
-1.0776281570995785,0.09320089262083593,0,1,-1.9801230610745122,5.488475429298016,0.3495579486320601,-0.46199300235426094,0.04997597470659558,-1.074693701691767,0.24755698468879414,0.25313556369897067,0.23367357670231537,0.09320089262083593,0.09320089262083593,0.23367357670231537,0.09320089262083593,-0.3469507288725606,-0.22695072887256063,-0.0194619869966553,-0.03498740740075106
0.09694858092372802,0.294301800618285,1,1,-2.132837201705317,4.0353014308117245,0.044187834959585996,-0.5401535540724726,-0.05502796639029617,0.1340044761679099,-0.6163570532651123,0.3188133346032423,0.294301800618285,0.3704021686910824,0.3704021686910824,0.294301800618285,0.3704021686910824,0.5367402551432663,0.6567402551432663,-0.024511533984957312,-0.019411407049712608
-1.4764297979108454,0.3413764267341427,1,0,6.453521560144703,5.544135666168418,-0.12875857572966917,-1.005551940894921,2.3457330389610074,1.059118660208185,0.2730941056315511,0.3413764267341427,0.31513015978934683,1.1432694291590861,1.1432694291590861,0.3413764267341427,1.1432694291590861,0.5259399725079678,0.6459399725079678,-0.02624626694479587,-0.01955167721785854
-0.233888192103964,0.21622000276943956,0,1,1.9157247029351852,-13.539351854026831,1.172112927476695,-1.9792524766837778,-2.557679737834006,-0.3992910617499062,-1.378564143602109,0.27788245302906617,0.2565178347651475,0.21622000276943956,0.21622000276943956,0.2565178347651475,0.21622000276943956,1.471943999125334,1.5919439991253341,-0.021364618263918667,-0.01040609531939628
-1.1470439041987308,0.016752651410371234,0,0,-3.0019903941305968,4.3060197180024895,-0.23660552444832925,0.20565664059489883,0.9204144983406113,-1.1382639842752136,0.3996306861600717,0.5764718942803969,0.532150628842703,0.016752651410371234,0.016752651410371234,0.5764718942803969,0.016752651410371234,-0.49659454303405237,-0.3765945430340524,-0.04432126543769388,-0.038657884474210404
-0.0779805018944271,0.223421451592052,1,1,-3.835271893525073,7.323069412938793,0.014389693152232522,0.34750930993308465,-0.5197719507535998,1.38313513986212,-0.10350864842972622,0.24202956915083673,0.223421451592052,0.34925384223392125,0.34925384223392125,0.223421451592052,0.34925384223392125,0.6714513726948512,0.7914513726948512,-0.01860811755878472,-0.01774410723110844
-0.501079469607532,0.0669173740467413,1,1,4.191605723902408,-6.04181700075949,1.7741822235037688,-0.7903886536822237,0.7428273399555535,-0.05966848056052859,-0.32774241666676374,0.07249072590760275,0.0669173740467413,1.5541345085740308,1.5541345085740308,0.0669173740467413,1.5541345085740308,0.26664753508841565,0.38664753508841565,-0.005573351860861456,-0.02324111012947837
-1.1903661362376,0.21373344153397394,0,0,-0.9999384408241657,19.810766823861425,0.6323153404675466,-0.29917347918958953,-2.661965337157328,-3.0628681231743076,1.272422160284049,0.4414666316303564,0.4075250640422295,0.21373344153397394,0.21373344153397394,0.4414666316303564,0.21373344153397394,-1.3623049194295105,-1.2423049194295106,-0.033941567588126886,-0.0688472995308202
-0.6588734778889406,0.1529815811762039,0,0,-2.7753582400530274,0.8963601839605235,1.2302584578796958,1.8873409462559467,-0.017528248282177424,-1.2926348019978913,-0.41958384265100146,0.17600214842467757,0.16247046020998673,0.1529815811762039,0.1529815811762039,0.17600214842467757,0.1529815811762039,0.9245654728238286,1.0445654728238285,-0.013531688214690835,-0.014988912189508463
-0.9341568622419931,0.3304429180137748,1,0,-0.1986412534368146,-19.05719778824548,0.011424515361312802,-1.0070382242851093,1.6485747229738668,2.239502879643737,0.47828070073017764,0.3304429180137748,0.3050372591662144,1.9676329400189025,1.9676329400189025,0.3304429180137748,1.9676329400189025,0.9814607066078325,1.1014607066078326,-0.02540565884756041,-0.01443102762229502
-1.3139247002374128,0.153028661469992,1,0,0.5408026588566568,0.18586377631324114,-0.010863746698195903,-1.2949669784744322,1.5464338961560513,0.07630681084904649,-0.28916439841061226,0.153028661469992,0.14126325886861635,1.5503063606235592,1.5503063606235592,0.153028661469992,1.5503063606235592,0.5769630340172256,0.6969630340172256,-0.011765402601375652,-0.018897803523171677
1.0827458252894175,0.056578820884051355,1,1,2.1904719519995695,-3.1168375584971346,0.48117408867453765,-0.5857115289891855,0.14687517312181853,-1.44246685084566,1.087087189252434,0.061291104967990694,0.056578820884051355,0.4687726517206274,0.4687726517206274,0.056578820884051355,0.4687726517206274,0.09756126406781745,0.21756126406781745,-0.004712284083939339,-0.026014312818450094
-0.3601748644509248,0.11917277135539955,0,1,4.269493271034904,8.118367986196287,-0.1044110411356732,1.1588008606340119,-0.2011361778416194,-0.13619970878397838,-1.2123174282919575,0.4543305192262572,0.41939992896008577,0.11917277135539955,0.11917277135539955,0.41939992896008577,0.11917277135539955,0.7452376770777215,0.8652376770777215,-0.03493059026617146,-0.0168923795195548
-2.2022254490736652,0.11995395812139503,1,1,2.8133859047821264,0.8248674535679146,0.7597569730181432,-0.8758399540230916,-0.4864223731992286,0.001047186082536809,0.12122418368935654,0.12994457154933078,0.11995395812139503,0.3914445299609573,0.3914445299609573,0.11995395812139503,0.3914445299609573,-0.12038988713789245,-0.0003898871378924529,-0.009990613427935752,-0.030082621524923463
-0.6232808075946856,0.7402179376468674,1,1,2.315104119462634,-5.326045446671607,-1.706096940217759,-0.23080586548801652,0.7952302186437133,-0.3783380345239026,-0.2247317542133216,0.8018685191138804,0.7402179376468674,1.1615628987061224,1.1615628987061224,0.7402179376468674,1.1615628987061224,-0.504295703587958,-0.38429570358795806,-0.061650581467012966,-0.03885686855658679
0.9147117138182644,0.15148969923877967,1,1,7.9987927077709085,12.850802054794876,0.16240605084272658,-0.12596043254699904,-1.0305155023876045,-0.03634612366690454,0.9940731700058961,0.16410683207133903,0.15148969923877967,0.6608527557845585,0.6608527557845585,0.15148969923877967,0.6608527557845585,0.30035098890316086,0.42035098890316086,-0.012617132832559358,-0.022724729338211007
-0.7613586332573764,0.1854371026074822,0,0,-1.3097684766387585,5.9711616410702675,-1.0511759472670905,-0.374481889485818,-1.3816313239350773,0.941381950490345,-0.09235820683787886,0.5654532431906849,0.5219791319066589,0.1854371026074822,0.1854371026074822,0.5654532431906849,0.1854371026074822,0.007613165683451675,0.12761316568345166,-0.04347411128402601,-0.027621992316673036
1.497743878133629,0.18961344163220636,1,0,5.036227132265768,-2.959484755900555,-0.8501996336058633,0.09226560014317738,-1.2036002148954528,-1.0334955314604064,-1.4601335298517806,0.18961344163220636,0.17503526746531797,0.4489265341297933,0.4489265341297933,0.18961344163220636,0.4489265341297933,0.4479443796803663,0.5679443796803663,-0.014578174166888391,-0.020595201995583918
-0.8566620549615891,0.21761531774322554,0,1,2.5681572009565685,-2.2458058582397795,-1.0667792375574,1.3573375839998063,-0.733118331282596,0.4662251226514788,-0.8363014199559217,0.34615931147352597,0.31954531887515475,0.21761531774322554,0.21761531774322554,0.31954531887515475,0.21761531774322554,0.5794497663887253,0.6994497663887252,-0.026613992598371217,-0.018866500291413433
0.5034080558164551,0.20831990591486552,1,1,6.6946799692081855,4.556021149114419,0.7595337457632192,-1.0260820009313156,0.03922792776175646,0.05285130986894881,2.3278053364265916,0.22567026001683793,0.20831990591486552,0.710602378049498,0.710602378049498,0.20831990591486552,0.710602378049498,0.3692699924037478,0.4892699924037478,-0.017350354101972415,-0.02170424204419513
1.0366385845910118,0.08233392322511592,1,0,5.270309907661213,-2.4259758161245357,0.6304252879801651,-0.5929040143292734,0.6850489636505139,2.138174470485208,-1.629636090484295,0.08233392322511592,0.07600379039124676,0.3962060394989814,0.3962060394989814,0.08233392322511592,0.3962060394989814,1.6987798663435933,1.8187798663435935,-0.0063301328338691565,-0.008945653853559747
0.4501939723114331,0.11039410790816798,0,0,3.4732113228124377,-1.4860693604618072,-0.8424820425687267,-0.23689755911329374,-0.41708822714195104,-0.3327566983298747,-1.304232265593243,0.19267916510222313,0.1778652869139916,0.11039410790816798,0.11039410790816798,0.19267916510222313,0.11039410790816798,0.362573467393388,0.482573467393388,-0.014813878188231544,-0.02180135398687592
-1.3744939746410305,0.11340432867942317,1,1,7.307880426196009,-2.3105309494010484,1.4039560535500122,-1.4226085984766192,-0.20021280962249907,1.0458305917606978,-0.03018485714585262,0.12284944267677951,0.11340432867942317,2.8896248481152442,2.8896248481152442,0.11340432867942317,2.8896248481152442,0.8072570269410867,0.9272570269410867,-0.009445113997356341,-0.01620818515289575
-0.9424685769215646,0.34316271851792024,0,1,-3.0300408579124185,-8.768665980544892,-0.979394166902769,-1.3486756563739577,-0.22999919602778213,-0.7570295658504664,0.20523109170297799,0.7484670398669676,0.6909221592328155,0.34316271851792024,0.34316271851792024,0.6909221592328155,0.34316271851792024,0.04343989582075636,0.16343989582075635,-0.057544880634152085,-0.02697007159428393
1.1700709903865816,0.1645806390346175,1,0,1.4735900539071358,-14.554013800311619,-1.4014511477241796,0.8130357368876219,0.11554952316446464,0.189836394352477,1.441076778240017,0.1645806390346175,0.15192707819161383,0.1844640184984457,0.1844640184984457,0.1645806390346175,0.1844640184984457,0.2875383044678418,0.4075383044678418,-0.012653560843003675,-0.02291967058374759
-0.8046114563319774,0.5471436750585883,0,0,-1.9678493295595074,0.857366321469947,-0.43779549837186593,-0.725816694733224,-0.5477636283468732,-0.19252656952325795,-0.09096489479132862,0.5996740890715769,0.5535689541264881,0.5471436750585883,0.5471436750585883,0.5996740890715769,0.5471436750585883,0.016912098205388415,0.1369120982053884,-0.04610513494508883,-0.027451285299274392
0.9756765139022048,0.05809479353711902,1,1,0.5946012360948081,-13.047816913253527,-0.8306977366017732,-2.023085253033059,-0.5609290008790382,0.35982566628688983,0.13625830625349225,0.0629333385380078,0.05809479353711902,0.13852528266699768,0.13852528266699768,0.05809479353711902,0.13852528266699768,1.832566693453403,1.9525666934534032,-0.004838545000888775,-0.008182327072240987
-0.43028472181494387,0.208421386246072,1,0,-11.03432167129705,-8.83669573512631,1.199554469825827,1.9554865439637885,0.7593337714584683,1.382520642408226,0.76677429226312,0.208421386246072,0.19239718858031188,0.5760211327207805,0.5760211327207805,0.208421386246072,0.5760211327207805,1.713663214072464,1.8336632140724638,-0.01602419766576013,-0.008857331902299365
0.14143731921915112,0.09406341826506641,0,1,5.6458066371561495,-13.593797147031792,1.7098992559273836,1.8508536342912676,0.9511651707789268,0.7063801464245854,-0.20523217193736742,0.10977241639397692,0.1013327119556404,0.09406341826506641,0.09406341826506641,0.1013327119556404,0.09406341826506641,1.6319555997670663,1.7519555997670664,-0.008439704438336512,-0.009353188698564862
-1.3861072770209515,0.4326199042510732,1,1,-6.566233999649038,-14.13928917609924,-0.041337280963909824,-0.3378373313502621,0.6212516108950558,-0.7203480373593485,-0.19110620977990994,0.4686515474939665,0.4326199042510732,1.4853979183653092,1.4853979183653092,0.4326199042510732,1.4853979183653092,-0.28896034287160977,-0.16896034287160977,-0.03603164324289326,-0.03366059787770984
-0.6082675747124983,0.007724706097494501,0,1,0.03483792937951846,2.4434494890554346,-2.3551698851783,1.7230898947725095,-0.2204745825863184,0.4555804373365769,1.4577866947114024,0.04175878677876034,0.0385482186807478,0.007724706097494501,0.007724706097494501,0.0385482186807478,0.007724706097494501,-0.01591344391387306,0.10408655608612694,-0.0032105680980125395,-0.028058642215622345
-0.8753063804397219,0.10220023666742094,1,1,-9.23189577929788,-3.425161179820556,0.3002934374411798,1.4443437020934313,-1.241737812151367,2.397376589597702,1.0871101984887657,0.11071219469513721,0.10220023666742094,0.9721458676756097,0.9721458676756097,0.10220023666742094,0.9721458676756097,1.1519002579066657,1.2719002579066658,-0.008511958027716274,-0.01288101107251126
0.2255996505581735,0.2293427350680863,0,0,2.8451202168036005,-0.9203937779676142,0.20920249248664097,1.4250793326254454,-1.168634885989372,-0.2886148787694938,1.4442503964023794,0.48385190254918103,0.44665160047342256,0.2293427350680863,0.2293427350680863,0.48385190254918103,0.2293427350680863,0.6016298570299077,0.7216298570299077,-0.037200302075758473,-0.018589578926366163
0.09319757971588251,0.1256425266910615,1,0,-4.1914721711305605,-10.452937224337791,-1.8670601808949647,0.5604577749588049,0.5321761598451539,1.9692258168221626,-1.5829554197222364,0.1256425266910615,0.11598267018983807,0.44247663578891866,0.44247663578891866,0.1256425266910615,0.44247663578891866,0.7025506487541138,0.8225506487541138,-0.009659856501223418,-0.017380008746979397
0.4626498962456343,0.48696929338564493,1,0,-5.119782048487782,-3.6705719053791626,1.6096310570316332,-0.5594707431489028,-0.4470094599118548,-1.2220043869597932,-1.0878520374669252,0.48696929338564493,0.44952931491263826,0.4960476577281468,0.4960476577281468,0.48696929338564493,0.4960476577281468,0.19909376026069328,0.31909376026069325,-0.037439978473006674,-0.02431172024739703
-0.4905225030926728,0.2846955564571242,1,1,0.5058202266384535,1.9076753986828656,0.4035223474539224,-1.1123319147813555,0.7402843336529155,-0.6629660469697535,-1.2130338058486476,0.30840701453452873,0.2846955564571242,1.4923880876258313,1.4923880876258313,0.2846955564571242,1.4923880876258313,0.614199592482151,0.7341995924821509,-0.023711458077404546,-0.018434452407717482
-0.9302300712945782,0.46248152921053526,1,0,-4.611235416455008,-1.5959784369349532,-0.5278091463598945,0.3367071917563058,-0.2773532619310194,0.03421011833279838,0.696207461836084,0.46248152921053526,0.42692425951613355,0.9676497386730435,0.9676497386730435,0.46248152921053526,0.9676497386730435,-0.24643186730754116,-0.12643186730754116,-0.035557269694401705,-0.032719644076681015
0.18272908554430772,0.12870887188373056,1,1,-2.730076030068463,6.597294878566232,1.0824214516169486,-0.31009530858943096,-1.0442220155761586,0.07609447892251621,0.47064958610407176,0.13942865640667837,0.12870887188373056,1.3290659152927096,1.3290659152927096,0.12870887188373056,1.3290659152927096,0.20773502757621978,0.32773502757621975,-0.010719784522947806,-0.02417206684537789
-1.0295889030070344,0.0634257433100138,1,1,-0.4361900594349041,5.981305225900434,-1.4607253059719505,-0.890608297007585,-0.7191868959629409,-0.20782218872037653,-0.7610339036267858,0.06870828748540946,0.0634257433100138,2.545474645637517,2.545474645637517,0.0634257433100138,2.545474645637517,-0.21282416234998927,-0.09282416234998928,-0.0052825441753956565,-0.03199470745804779
1.0784225264225882,0.02836481415456846,1,1,5.517495557089708,0.38651587026676615,0.7070407250968996,-1.6051332014584174,-1.5797186971944246,-0.3338888115114624,-0.17565280413985668,0.03072723635064763,0.02836481415456846,0.2283632724405405,0.2283632724405405,0.02836481415456846,0.2283632724405405,1.307113082707314,1.4271130827073142,-0.0023624221960791697,-0.011614786683862366
-0.11452238658911257,0.5131000748980673,0,1,-3.4696783634837995,-13.340265389989996,-1.4546438728581037,-0.6067488426475648,-0.4010438174190893,-0.3932979470221456,0.15188148328929144,0.6879709882581776,0.6350772651008921,0.5131000748980673,0.5131000748980673,0.6350772651008921,0.5131000748980673,-0.24360615182527276,-0.12360615182527276,-0.052893723157285466,-0.03265806449379093
-0.326135109704956,0.519787136722553,1,1,-5.383798281543685,-5.802883911574978,-0.6615788844235619,1.4778363000082735,0.48820463973357225,-0.8071135206413219,0.09451149336757297,0.5630786831553372,0.519787136722553,1.0302025874675353,1.0302025874675353,0.519787136722553,1.0302025874675353,0.5190212570931396,0.6390212570931396,-0.04329154643278421,-0.019642067178779105
0.4621756227502112,0.027825468915856664,0,0,-0.057106454559739755,-0.10802293905454163,0.12401531860560501,1.214721474497781,-0.6003824289163511,0.7673386977205734,0.041854475782477606,0.0632364369858166,0.05837458866885575,0.027825468915856664,0.027825468915856664,0.0632364369858166,0.027825468915856664,1.0960867701966506,1.2160867701966507,-0.004861848316960855,-0.01336932907957274
-0.07636449943171635,0.21392483878437557,0,0,1.8376022460988826,-5.87343964066457,1.4915665164487661,1.290891452639408,0.19697930459260035,-0.26228262101606054,0.5066059096794557,0.3189896634938297,0.2944645726995265,0.21392483878437557,0.21392483878437557,0.3189896634938297,0.21392483878437557,0.5578206921073438,0.6778206921073437,-0.024525090794303206,-0.01914051439164197
-1.6580517168351965,0.1599731933184189,1,1,3.7401561697387793,-10.07689570108419,-0.18045002712716604,1.680307105978335,0.07847007817701199,-0.4056426325128372,-0.45961508607392565,0.17329689149650923,0.1599731933184189,0.5629884404542667,0.5629884404542667,0.1599731933184189,0.5629884404542667,0.6382538824090889,0.7582538824090889,-0.013323698178090343,-0.01814119164349885
-1.0614298993894336,0.02700862912134908,1,0,-7.5607531766023035,-1.179340431072634,-1.2130355851987074,0.5565591280933229,-0.8200112026395026,1.098148252187747,-1.2929350540015732,0.02700862912134908,0.024932107035411457,0.29518888271696986,0.29518888271696986,0.02700862912134908,0.29518888271696986,0.2080962689020947,0.3280962689020947,-0.0020765220859376224,-0.02416624624663535
1.057708703864615,0.12081522387681749,0,0,-1.6128144633647636,19.395859916538285,0.12724144897325032,1.1502237584974535,-2.1522470646236362,2.018265543792186,-0.4252851971981094,0.19489505529299828,0.17991081137089393,0.12081522387681749,0.12081522387681749,0.19489505529299828,0.12081522387681749,1.5971453732304184,1.7171453732304185,-0.014984243922104346,-0.009572784649814358
0.08388434784458265,0.31451090851655195,1,0,5.955657545858612,-3.7949054449864907,0.1410953821621393,0.5714492255163438,0.7261290561155536,0.27388393825968216,0.9973845837063676,0.31451090851655195,0.29033016076854085,0.35922885709495694,0.35922885709495694,0.31451090851655195,0.35922885709495694,0.3417035888807983,0.4617035888807983,-0.0241807477480111,-0.022106801684404386
-1.6815678023634413,0.04595233774176791,1,0,6.093711276404495,-3.5224684734084706,0.5190707129218126,1.7608811400323037,0.5223275428545973,1.9646355198830872,0.9010788402376559,0.04595233774176791,0.0424193541241055,0.10803423093556144,0.10803423093556144,0.04595233774176791,0.10803423093556144,1.2940425874535448,1.4140425874535447,-0.003532983617662404,-0.011716436253582504
0.35211206671516615,0.04265310934928338,1,0,-5.376716654820807,-9.307673452730851,-1.8057501257682627,2.6111026783878413,-0.5743441084772188,1.4955440152017352,0.026793443119438404,0.04265310934928338,0.039373782464540125,0.08824741224556625,0.08824741224556625,0.04265310934928338,0.08824741224556625,2.515465038379489,2.6354650383794893,-0.003279326884743257,-0.005189882358846529
-0.5592588198697488,0.051265416475843775,0,1,-3.530362779828715,8.147899930182215,1.0610902576025796,-0.688478910865794,0.6257445430895879,-0.25319054539440544,1.5790031115898886,0.06827633391378427,0.06302699990716648,0.051265416475843775,0.051265416475843775,0.06302699990716648,0.051265416475843775,-0.08951742609180716,0.03048257390819284,-0.005249334006617784,-0.02946979988749056
-0.874499952508782,0.15050015396770755,0,0,-0.47035244715379787,5.957362843498792,0.43866816741700937,0.9359426413015662,-2.1640768714730703,-0.08557267978862526,0.4105516350582958,0.22649319295381254,0.20907956876096676,0.15050015396770755,0.15050015396770755,0.22649319295381254,0.15050015396770755,0.07509479755231502,0.195094797552315,-0.017413624192845784,-0.026406878459310428
-1.144872725633846,0.014972476827289699,0,0,-4.65056412117723,4.381912353519919,0.2236149064397072,0.9611572137178506,-0.3659042451374545,0.04878710503463059,1.1812267644149919,0.44888492789451256,0.41437301458601083,0.014972476827289699,0.014972476827289699,0.44888492789451256,0.014972476827289699,0.0027996265874221105,0.1227996265874221,-0.03451191330850173,-0.027710774385755543
0.9999294713186874,0.1821072963833992,1,1,-1.6681147282253066,12.239324412696106,-2.278689003445357,0.5893505016383412,-0.3338848259935533,-0.9123181245536214,0.3365442242759801,0.19727447910138712,0.1821072963833992,0.21253549645270886,0.21253549645270886,0.1821072963833992,0.21253549645270886,-0.4685783034908481,-0.3485783034908481,-0.01516718271798792,-0.037942553198969
-1.96549837200535,0.14069897402571224,1,1,-2.4196562012251634,-6.451330092596958,1.2274512968086555,1.039143831484181,-0.13511303090662863,0.8757409637609486,0.8680678984458442,0.15241737899718896,0.14069897402571224,0.32649283509032173,0.32649283509032173,0.14069897402571224,0.32649283509032173,0.15775411934572153,0.27775411934572153,-0.01171840497147672,-0.02499106371051675
-0.8375320744394902,0.048885248743517476,1,1,6.099000884181458,-3.598147735532759,-0.08737127049316686,-0.693080551988208,-0.6352340311223299,0.837853348868137,-0.042146813712690696,0.052956757763926,0.048885248743517476,0.261446974044212,0.261446974044212,0.048885248743517476,0.261446974044212,0.3547866502400664,0.4747866502400664,-0.004071509020408523,-0.02191482369279909
0.12012676591124238,0.18865007669451878,1,0,-4.635521543332425,12.75065557567118,-1.0461822197305883,-1.6848628355091249,0.8318314520963794,-0.5467784222642238,0.3303877556559817,0.18865007669451878,0.1741459695438028,0.38285060463914455,0.38285060463914455,0.18865007669451878,0.38285060463914455,0.8289321997376139,0.9489321997376139,-0.014504107150715984,-0.015975659070680954
1.5783630689034966,0.13669615375356764,1,1,9.953410030230799,6.987862694874554,1.2397069070691236,-1.3089244768534851,-0.04513738051284493,-0.1706941462188697,0.3797428756279606,0.1480811755621476,0.13669615375356764,1.9704894021931492,1.9704894021931492,0.13669615375356764,1.9704894021931492,1.1158401603811967,1.2358401603811968,-0.011385021808579948,-0.01319442355042901
0.553858196350319,0.1744739989420074,1,0,-1.708040061308734,-16.271417459285917,1.2391599984204347,-1.329451814662408,0.5697979487057669,1.0315237749937014,-0.18637706395678272,0.1744739989420074,0.16105980044281162,1.4174936257760933,1.4174936257760933,0.1744739989420074,1.4174936257760933,1.3645873722387731,1.484587372238773,-0.013414198499195784,-0.011178170427923911
-0.8460246155328025,0.41152365590490747,1,1,0.4123878809786974,1.7541301302757315,-0.13744699289312357,0.4184493689849223,0.3448170778897882,0.5823526073671226,0.5612805264012167,0.44579825448410587,0.41152365590490747,0.8922309578323289,0.8922309578323289,0.41152365590490747,0.8922309578323289,0.11042936504831338,0.23042936504831338,-0.0342745985791984,-0.025792097474906617
1.5293534541068148,0.003652851098003441,1,1,9.461346075374893,-2.4657882262027018,-0.9819723056156512,0.9902664977049435,1.1667831621902383,0.1860828936902982,-1.4941553065496669,0.0039570863546094,0.003652851098003441,0.2815199934776649,0.2815199934776649,0.003652851098003441,0.2815199934776649,1.2627010569842259,1.3827010569842257,-0.0003042352566059595,-0.011963819068134608
-1.3551233997049725,0.03432280278831885,1,0,-1.2888907402296172,5.081963183861889,-0.11474570600009057,0.19440587694056835,-1.1446002377868172,-0.36013806357701345,-1.4093693875585418,0.03432280278831885,0.03168394030770193,0.06886912237944129,0.06886912237944129,0.03432280278831885,0.06886912237944129,-0.08846921140491898,0.031530788595081016,-0.00263886248061692,-0.029449213296676095
0.2653361653551545,0.14489771820693093,0,0,-1.7941331530958862,3.8079538310700243,0.607292224986444,0.1659553149020513,-1.6457831648142445,0.3514648615819806,-0.05650894739029124,0.2279532128169475,0.21042733696267582,0.14489771820693093,0.14489771820693093,0.2279532128169475,0.14489771820693093,0.3902146977912136,0.5102146977912136,-0.017525875854271677,-0.021403288756364592
0.48778464575221486,0.041871779654419475,1,0,3.938943713220689,-11.526558647496397,0.5164142827544048,-0.3915324337554278,-0.8014794007430242,-0.7708446264578068,-0.5381702165484047,0.041871779654419475,0.03865252425129398,0.8363088688111195,0.8363088688111195,0.041871779654419475,0.8363088688111195,0.3051714388586512,0.4251714388586512,-0.0032192554031254955,-0.022651817609721788
-0.881115583200441,0.43475825378771077,1,0,-2.3126410567845275,0.8831645788442721,0.018825096581047043,0.14795846542479205,-0.19071987780810284,-0.42331954899651913,-0.3514032680054818,0.43475825378771077,0.4013324507979454,0.5310368256120167,0.5310368256120167,0.43475825378771077,0.5310368256120167,-0.0931138281512274,0.026886171848772594,-0.033425802989765385,-0.02954054149135637
0.6975930518882538,0.052390475598691255,1,1,2.6583126696561696,1.206916859586962,2.507724785506933,-0.7707251514982087,-0.5579720085461926,3.2938541083681483,0.4210133024605525,0.05675392468540272,0.052390475598691255,0.697324011342124,0.697324011342124,0.052390475598691255,0.697324011342124,1.1121898959277012,1.2321898959277013,-0.004363449086711463,-0.013226571407471051
-0.5138901289409595,0.08165729777594478,0,1,-2.3092722710156504,1.9928298703799132,-1.3799806659036957,0.8426872039772633,-0.9100388892011476,0.9090615078050971,-0.21096227937068143,0.20790793864218776,0.19192321670415322,0.08165729777594478,0.08165729777594478,0.19192321670415322,0.08165729777594478,0.1926397270706079,0.3126397270706079,-0.015984721938034546,-0.024416551379793493
0.6951424275179644,0.03647100448401276,0,1,4.678829322250936,4.750677517286743,-0.43979584948940736,1.6091649688275829,0.5664013526592448,0.9729894374492074,0.43491967951994637,0.06943388878486642,0.0640955577305019,0.03647100448401276,0.03647100448401276,0.0640955577305019,0.03647100448401276,1.5257811339334144,1.6457811339334145,-0.005338331054364515,-0.010039228811026788
-1.8395954925862088,0.2650773575821895,1,0,-8.629122319664297,7.880642596480998,-0.4444445237930985,0.6113544202582081,1.2092153926844607,0.1347380435175534,1.8016426043465061,0.2650773575821895,0.24469724184109456,1.8460811664014924,1.8460811664014924,0.2650773575821895,1.8460811664014924,-0.4884632226935151,-0.3684632226935151,-0.020380115741094912,-0.03844889168686705
0.33497609022887453,0.13866482841593547,1,1,-5.0025382240999665,3.2501629730903154,0.8504872032019086,0.2119825497716119,0.25148653101781787,0.13723712896762474,-1.2512387855949916,0.15021381536434997,0.13866482841593547,0.3594401682966893,0.3594401682966893,0.13866482841593547,0.3594401682966893,0.6768602908780577,0.7968602908780577,-0.011548986948414497,-0.017680238171655954
-0.4121066726936051,0.04065376557210464,0,1,-7.591807023430469,-0.4220287494201197,-0.09007219580860511,0.22118648534116717,-0.41608512126652875,0.33767701870469485,0.021307490355111102,0.10351608965827253,0.09555739447757594,0.04065376557210464,0.04065376557210464,0.09555739447757594,0.04065376557210464,0.19367283675958039,0.31367283675958035,-0.007958695180696584,-0.024399740519077853
1.1497037829678218,0.2620762863560988,0,1,1.9157926150913624,10.707117038052576,0.7736918910987685,0.6631123810657311,0.16715328758484124,-1.3672128913019983,1.7907227386811706,0.3757492736655813,0.3468602966636035,0.2620762863560988,0.2620762863560988,0.3468602966636035,0.2620762863560988,0.028164819457497492,0.1481648194574975,-0.02888897700197779,-0.027246121371285743
-0.04398072977095047,0.13999783940816718,1,0,-6.768374502118268,16.84517580230627,-0.14189099857114323,-0.08088645369513175,-0.3425208486993877,-0.4884116560655365,1.544058048000524,0.13999783940816718,0.12923429401649025,0.1425695544648481,0.1425695544648481,0.13999783940816718,0.1425695544648481,-0.23634767599168974,-0.11634767599168974,-0.010763545391676926,-0.032500414386646734
1.2492295337201191,0.3375212710296422,1,0,-2.0579566826769966,8.265126510961247,1.3860443203860797,0.4443934035776708,-0.10750015443072543,0.6191179850137531,0.07379698176937273,0.3375212710296422,0.3115714025406567,0.36078756463576245,0.36078756463576245,0.3375212710296422,0.36078756463576245,0.7830283502899642,0.9030283502899642,-0.025949868488985506,-0.01647211287256242
0.5076127650330521,0.40988915367118756,1,0,-4.730612996033701,2.3711778962886774,-0.19022291832309887,0.3381059215063302,-0.44115774694544485,0.2522642640034325,0.20422092562163552,0.40988915367118756,0.37837537796045695,0.5796083446415039,0.5796083446415039,0.40988915367118756,0.5796083446415039,0.439377739700845,0.559377739700845,-0.03151377571073061,-0.02071315962903016
-0.1275084590481573,0.15022713174969884,1,1,7.1794509531575175,3.002289936802274,0.6029360212579244,-0.6191369574756088,0.7101363528765408,-0.9063114929505052,-0.5725666516212387,0.16273910903835093,0.15022713174969884,0.33825402991692555,0.33825402991692555,0.15022713174969884,0.33825402991692555,0.24695879711227883,0.36695879711227886,-0.012511977288652082,-0.023548179743608642
0.787669309614295,0.10894458867105336,1,0,-2.7199240022899733,3.080370862358701,-0.5289250591457441,-1.0720517723736782,1.0156622833856628,-0.9690524761897973,-0.6989163374066718,0.10894458867105336,0.10056853065261764,1.2248304683116138,1.2248304683116138,0.10894458867105336,1.2248304683116138,0.7044362709236078,0.8244362709236078,-0.008376058018435717,-0.01735817438710619
0.7940584645271217,0.07615540480042762,1,1,-4.557846080445424,1.7371335737276108,1.2554077104866421,-0.5705827018536505,-0.18814268513809665,-1.0120290009165358,0.8329512076226846,0.0824981651538547,0.07615540480042762,0.16617995542664712,0.16617995542664712,0.07615540480042762,0.16617995542664712,0.09313118641678514,0.21313118641678513,-0.006342760353427082,-0.026091256668814955
0.4719100044912137,0.13531627573813695,0,0,1.338791102431799,16.297133617647386,0.8467362441910651,0.7389459041234467,0.5375298281939437,0.07358911101947667,-0.5243766669379845,0.28779960569412566,0.26567252049987566,0.13531627573813695,0.13531627573813695,0.28779960569412566,0.13531627573813695,0.7500983330176463,0.8700983330176463,-0.022127085194249996,-0.016837729415925096
-2.2923013746251835,0.8217217780482217,0,1,4.597510976191556,-8.838806102393697,-0.814969306666021,1.2899055267616704,0.7648042717265899,-0.6933042272004243,0.039831768223134466,0.945679827034672,0.872972506783792,0.8217217780482217,0.8217217780482217,0.872972506783792,0.8217217780482217,-0.23246484695985142,-0.11246484695985143,-0.07270732025088,-0.03241639414395669
-0.9825604907643978,0.2211959222712608,1,1,-1.666003742920374,7.076981180322032,-0.30011509298501327,-1.1282107057057502,0.1776513766213024,-0.4154926642391958,-0.9525366662956856,0.23961868201889217,0.2211959222712608,0.658644280567028,0.658644280567028,0.2211959222712608,0.658644280567028,0.3804790142654309,0.500479014265431,-0.018422759747631356,-0.021542657648079895
1.3841058465059235,0.04196272785085188,1,1,2.515791484560918,1.3861284288667661,-1.479132554141762,-1.5638035002056712,-0.3714261276946395,-0.08509497042491564,-0.8753008101623161,0.045457680405191644,0.04196272785085188,0.1384456785759332,0.1384456785759332,0.04196272785085188,0.1384456785759332,1.2456878228454527,1.3656878228454525,-0.003494952554339764,-0.012100287028939888
-1.2559458554352658,0.0368378826675834,1,0,4.083846019439926,-13.008290033199486,0.6507394276572277,-0.06554654178296233,0.5768853105986501,-0.18291079018770778,-0.7871176352071059,0.0368378826675834,0.03400565165671916,0.08033803457042095,0.08033803457042095,0.0368378826675834,0.08033803457042095,0.03519258620205487,0.15519258620205487,-0.0028322310108642376,-0.02711876701934635
0.8824611500658068,0.06825454349433677,1,1,6.687704472824428,0.14571674979874216,0.11411757113861393,-1.2626745120183225,0.5394385206366479,-0.9371492065131337,0.9182325265334489,0.073939264277473,0.06825454349433677,0.9622720726501791,0.9622720726501791,0.06825454349433677,0.9622720726501791,0.657322249348024,0.777322249348024,-0.005684720783136227,-0.017912036004765364
0.7064526567796688,0.08846677998397515,0,1,2.6375983600246573,-2.187591000871744,-0.3384557462419147,1.062533516309917,-1.1226231885883153,-0.6777697007288204,0.3809349468485706,0.2338058657817697,0.21583001658423143,0.08846677998397515,0.08846677998397515,0.21583001658423143,0.08846677998397515,0.467801452166185,0.587801452166185,-0.01797584919753828,-0.020324358392023966
-0.7257523615820294,0.0360973677000263,1,1,-5.294980020721276,2.2815595888748104,1.1704970934267551,1.6666089083149223,0.04136616368087278,1.837745630786756,-0.28966454982543055,0.03910381160654626,0.0360973677000263,0.4953328851969588,0.4953328851969588,0.0360973677000263,0.4953328851969588,1.5698485288273247,1.6898485288273246,-0.003006443906519961,-0.009748583928899471
-1.9952316271167245,0.20504986689846125,0,1,-0.4785106533129766,-1.683773272707267,1.0987676223629725,-0.9421809969593052,0.4202005068632542,-2.3416930408564456,-1.1215910116531238,0.7281823778645452,0.6721970561574516,0.20504986689846125,0.20504986689846125,0.6721970561574516,0.20504986689846125,-0.4656052400155838,-0.3456052400155838,-0.05598532170709358,-0.03786742393220794
-0.5689125979479266,0.03402563777504232,1,1,-7.099590900522416,-8.99607552708645,0.46667679808076484,-1.3124388522005235,0.42694961078918464,0.9064581208123634,-0.5013201927182781,0.0368595333710959,0.03402563777504232,0.40298703759522675,0.40298703759522675,0.03402563777504232,0.40298703759522675,1.0768427799217042,1.1968427799217043,-0.0028338955960535775,-0.01354195353215643
2.078015043633011,0.17721933601394926,1,0,0.34369259353273574,14.417634969988407,-0.968952955674198,-0.4741866158547388,-0.9658123191841855,-0.10121355801591768,0.10209062488808177,0.17721933601394926,0.16359406597026238,0.5322094588220796,0.5322094588220796,0.17721933601394926,0.5322094588220796,0.6548955011670157,0.7748955011670157,-0.013625270043686882,-0.017941038125916308
-0.8632772922093546,0.09150571899594154,0,1,4.041879767785371,6.407812314998454,-0.30601012309680875,1.6743592401868217,-0.7194038196869753,1.3914331792553123,-1.0412392363121137,0.1473761207458322,0.1360453061275283,0.09150571899594154,0.09150571899594154,0.1360453061275283,0.09150571899594154,1.4392821600604595,1.5592821600604596,-0.011330814618303903,-0.010635168391589008
-0.7942573445992704,0.19875238701596665,1,1,5.085798344795668,10.264937469325902,0.07277756994154895,1.1831054085480694,1.131357152253318,-0.4202578977002351,0.555069720071345,0.21530589052392504,0.19875238701596665,0.2375993221453433,0.2375993221453433,0.19875238701596665,0.2375993221453433,0.3164362333727176,0.4364362333727176,-0.016553503507958395,-0.022482342725644415
-0.9975824103098268,0.10574935496128691,1,0,0.7180372500588972,-0.7824634199660656,0.4211790836642261,-0.5399391785927399,0.6159499371480742,1.8624921720523726,0.47170066506263064,0.10574935496128691,0.09761895818460661,0.3228694355467051,0.3228694355467051,0.10574935496128691,0.3228694355467051,0.5822762929482165,0.7022762929482165,-0.008130396776680301,-0.018830982656330437
1.2147844765495195,0.22174877194752432,0,1,-8.6635437382241,1.815655216541275,0.5663563790706708,0.6721549782007075,-1.4609766073551405,0.46022467320628885,-1.0167595748385274,0.25384345098293787,0.2343270390255446,0.22174877194752432,0.22174877194752432,0.2343270390255446,0.22174877194752432,1.037421334313561,1.157421334313561,-0.01951641195739326,-0.01390256700089244
-0.24291571162510636,0.12402036034217856,0,1,-6.471040431282924,5.366144504555033,-0.5898869406977998,2.161941781188503,-0.25326160965881,-0.7401741042942273,1.1525825789013922,0.3148398766192151,0.29063383660154896,0.12402036034217856,0.12402036034217856,0.29063383660154896,0.12402036034217856,1.185012012203682,1.3050120122036821,-0.02420604001766613,-0.012599784544258252
-0.6259062289491389,0.14134720174161183,1,1,-3.954579324746386,-5.671451053651006,-0.9476770028423769,-0.44741914418967715,1.2490521679861668,0.04276756530795937,-1.5615970451265293,0.1531195956987315,0.14134720174161183,0.15993579924376958,0.15993579924376958,0.14134720174161183,0.15993579924376958,0.2706217410431245,0.39062174104312447,-0.011772393957119653,-0.023179614991385742
1.413474017195351,0.03608981382951383,1,1,2.273754539810729,2.7551162238804614,0.543989614322619,-0.3964658820465088,1.539851486530245,-0.6061869476341336,1.0512259737259262,0.03909562859630921,0.03608981382951383,0.763238562981037,0.763238562981037,0.03608981382951383,0.763238562981037,0.46605845708972427,0.5860584570897243,-0.0030058147667953797,-0.020347988956423892
0.5794940879355368,0.12888179807512878,1,1,-5.553445587765213,-0.7391588874411491,1.775698032365714,-0.8509432238115706,-0.1932130207581928,0.3886252741444505,-0.8573457525541744,0.1396159851134824,0.12888179807512878,0.8169730129102823,0.8169730129102823,0.12888179807512878,0.8169730129102823,0.7826097272207824,0.9026097272207824,-0.010734187038353604,-0.016476710585066476
-0.9192902417102595,0.12321146948742683,0,1,-2.5729548551204404,-12.071978493930747,0.27029494670783055,-0.2249202875059923,-0.2450675715933652,0.0489383927081116,0.07126471557856422,0.6272748128592686,0.5790476334270088,0.12321146948742683,0.12321146948742683,0.5790476334270088,0.12321146948742683,-0.00816548624172253,0.11183451375827747,-0.04822717943225974,-0.027914084431408172
-1.2235839110617803,0.2211579848683964,1,1,6.664566394268229,-0.6710565513759446,0.16388076907604027,-0.5988263454567843,-0.5551717243497534,-0.11858758882483045,-0.04475764123579518,0.23957758492098802,0.2211579848683964,0.45053687897092987,0.45053687897092987,0.2211579848683964,0.45053687897092987,-0.04980368879741193,0.07019631120258807,-0.018419600052591606,-0.028699800785888675
1.1581699648799733,0.21716188664594066,0,0,3.124182485736272,-0.49290681412568826,-0.43884933994661673,0.3239396420860183,-1.8147617486751968,-0.7304662589089517,-0.27992782620285456,0.5418900617757493,0.500227573969658,0.21716188664594066,0.21716188664594066,0.5418900617757493,0.21716188664594066,0.30947943730039096,0.42947943730039095,-0.041662487806091275,-0.022586854944085466
0.016788163741715875,0.04841710421314648,0,1,0.3589512505685135,-1.7556132881016666,-0.856115187030605,1.6291980148088911,0.01886184672495171,0.1767696782259033,-0.48323070796546075,0.21403599434720066,0.1975801250970185,0.04841710421314648,0.04841710421314648,0.1975801250970185,0.04841710421314648,1.1138581225973871,1.233858122597387,-0.016455869250182165,-0.01321186963816734
-1.5490640198561128,0.8252175681554471,1,1,-6.611466219156771,0.7678695562100024,-0.015778920372960952,-1.215253464302734,-0.16981703609507345,-0.9370084285957558,-0.2774035847561625,0.8939475196009746,0.8252175681554471,2.1331290785819,2.1331290785819,0.8252175681554471,2.1331290785819,0.03345341656151235,0.15345341656151235,-0.06872995144552752,-0.027150228012015647
-1.783115686893549,0.4317238002041995,0,0,-8.697584751281811,6.077478657645494,-2.559916566302497,-1.1280032084435256,1.4639264045143334,0.8303977491075424,1.3190393359152313,0.5822881741368093,0.5375197318533165,0.4317238002041995,0.4317238002041995,0.5822881741368093,0.4317238002041995,-0.893894324077021,-0.773894324077021,-0.04476844228349286,-0.050381158790869275
-1.1160387151997586,0.5830332943022548,0,0,-7.680279011332132,-7.3662072576311,1.3877212696709238,0.6729874241644773,-0.452868685379135,-1.0372509462656228,1.1467446054496968,0.6137473036293642,0.566560168530988,0.5830332943022548,0.5830332943022548,0.6137473036293642,0.5830332943022548,-0.5153592344104412,-0.3953592344104412,-0.04718713509837624,-0.039144524190147516
-1.2394845881030299,0.12631019618407124,1,0,-11.505127913253812,-4.987904921445731,0.06456797438739051,2.4940228163819067,-0.36509797601075417,1.97289585478048,-0.15679179069575525,0.12631019618407124,0.11659900681281903,0.6544681484212289,0.6544681484212289,0.12631019618407124,0.6544681484212289,2.5739570691082467,2.693957069108247,-0.009711189371252218,-0.004991399557481053
-2.0460769709014364,0.020525228020004577,0,0,-4.31490857429872,-8.259786223817486,1.3360485972587004,1.6966917372324548,-1.0229499281807124,-0.48499807829086855,-1.0329792256985308,0.2934357101186834,0.27087530062412696,0.020525228020004577,0.020525228020004577,0.2934357101186834,0.020525228020004577,0.6254030333109257,0.7454030333109257,-0.022560409494556455,-0.018297279118507946
-1.099506986648496,0.17844921122977422,0,1,0.2958080806021697,-7.5429176535376925,-1.2299444882582236,0.66706685052495,-0.19662837024902155,0.05236632319013622,0.55623913497328,0.2970941242650926,0.27425244252452935,0.17844921122977422,0.17844921122977422,0.27425244252452935,0.17844921122977422,-0.387371124409885,-0.26737112440988503,-0.022841681740563224,-0.03594302833144689
-0.9190805616438537,0.4553395225057171,1,1,-6.109417380591001,-5.6105949907682735,-1.8573868337149146,1.2867660039570548,-0.34909416333991755,0.5324013062378574,0.620712839228547,0.493263416131734,0.4553395225057171,0.573826771403266,0.573826771403266,0.4553395225057171,0.573826771403266,-0.09841327503920871,0.02158672496079128,-0.03792389362601695,-0.029645091755916588
-0.46268128838457045,0.06131830974808409,0,1,-0.8109894374919963,-1.4895555417434196,1.3707965607638406,-0.10485738778303354,-2.1236374590429308,0.057127613453560856,0.20070685816160114,0.6553945379154145,0.6050054112822348,0.06131830974808409,0.06131830974808409,0.6050054112822348,0.06131830974808409,-0.07570251499666789,0.04429748500333211,-0.050389126633179626,-0.029199630807516037
1.6929100451277126,0.039541439238165256,0,1,10.098894808377743,7.674434638572714,-1.0342608591401172,0.14749065443293866,-0.3610184347262918,-1.3427539492825105,0.6714848950092839,0.2838668148435698,0.26204209697880776,0.039541439238165256,0.039541439238165256,0.26204209697880776,0.039541439238165256,0.01577449647767043,0.13577449647767043,-0.021824717864762033,-0.02747211228226983
-0.2668432720982738,0.1167834574908134,1,1,8.860938234665154,1.6556429682079634,-0.5637251508977961,-0.4063792147370691,-0.46257884728708454,1.2354785974641467,-0.0409161617733923,0.1265100092181664,0.1167834574908134,0.1535180315873856,0.1535180315873856,0.1167834574908134,0.1535180315873856,0.46577735700425615,0.5857773570042561,-0.009726551727353011,-0.020351802528034316
-0.1675748377442145,0.08161556519591641,1,1,3.699296893617572,-8.733191742273666,0.0790998205458215,-0.440636154386397,0.4628668222549053,1.3493180484506717,0.6478608174865064,0.08841308629771867,0.08161556519591641,1.3079980963884286,1.3079980963884286,0.08161556519591641,1.3079980963884286,0.5830142239714246,0.7030142239714245,-0.006797521101802262,-0.018821720957149207
0.5092553637989424,0.2579557935303262,1,1,-0.7947938990737355,11.090385433730203,0.6868669613348561,0.6062302058843455,-1.3802426433111632,-0.8761188316991384,-0.20498739359912627,0.2794401751632341,0.2579557935303262,0.520128131543398,0.520128131543398,0.2579557935303262,0.520128131543398,0.2510928732317202,0.3710928732317202,-0.02148438163290789,-0.023483369116964477
-0.23731807106656005,0.18779882686245147,1,1,3.418215198602026,7.877115306159843,-0.7258640424932256,-1.064537024755998,-1.872175740870574,-1.346529213134141,-0.25652555734260035,0.20344004046462227,0.18779882686245147,0.21746793425998737,0.21746793425998737,0.18779882686245147,0.21746793425998737,-0.061788691273764074,0.05821130872623592,-0.0156412136021708,-0.028930030785763217
0.4001529638867084,0.10019577921820154,1,1,7.890993338788736,-5.8204830959505,-0.06942636681888449,-0.7930537761305755,0.07892521268322598,-0.4338336409083763,1.0905735873738482,0.10854079186269308,0.10019577921820154,0.10969944751852824,0.10969944751852824,0.10019577921820154,0.10969944751852824,0.2545611270397434,0.37456112703974337,-0.008345012644491542,-0.0234291343182323
0.2806148769517333,0.18746320766985133,1,1,-9.126915923995222,9.948860641936443,-0.16162576402483733,0.6963308814017153,0.20321376229469254,-1.402071039244055,-0.09065817573717544,0.20307646853361502,0.18746320766985133,0.6438390390248405,0.6438390390248405,0.18746320766985133,0.6438390390248405,0.09092254667721417,0.21092254667721416,-0.01561326086376369,-0.02612970242369899
0.12258856559924342,0.22415669374841277,1,1,6.830141068416699,2.7446846526657396,-1.2356240993286836,-0.10812083821692123,-0.7451308172306892,0.3819630334848083,-1.3423543374662013,0.2428260474704318,0.22415669374841277,0.2767343424288447,0.2767343424288447,0.22415669374841277,0.2767343424288447,0.3024540023512977,0.4224540023512977,-0.018669353722019028,-0.022692891387703168
2.7664660844189584,0.3890884934244549,1,1,1.7130497246240268,2.9900127224888555,0.014701825279437203,0.5724155825631939,0.9075955693089953,-0.7641677578842229,0.017750972207175114,0.42149453310784507,0.3890884934244549,0.4638237185689052,0.4638237185689052,0.3890884934244549,0.4638237185689052,0.9562434418518022,1.076243441851802,-0.032406039683390175,-0.01467568575924873
0.9111258440443519,0.2846686601848763,0,0,-1.1900398900742049,5.093501702127307,0.18414697291157353,1.547126279542768,-1.481330060750137,-0.9111025450710489,2.80446249273608,0.3357996908208427,0.3099821837082982,0.2846686601848763,0.2846686601848763,0.3357996908208427,0.2846686601848763,0.47572451014062744,0.5957245101406274,-0.02581750711254449,-0.02021728737104337
-1.0817219847067305,0.39304292899993026,1,0,-1.9902939399904667,-0.4380188893670377,-0.27309728395597477,-1.8909938099032746,-0.582550143348166,-2.768873221464362,0.24092071245615312,0.39304292899993026,0.3628243525915175,0.7966988927860336,0.7966988927860336,0.39304292899993026,0.7966988927860336,0.15735742219149373,0.27735742219149373,-0.030218576408412745,-0.024997673840454895
0.37022218618916386,0.16634850121904693,1,0,1.380186840183028,4.1648851283754365,0.8097847602782187,-0.9116623761687532,-0.47072392225150683,0.9236541553689125,-1.7502154648460704,0.16634850121904693,0.1535590206722194,1.405260623618353,1.405260623618353,0.16634850121904693,1.405260623618353,1.242251658632647,1.3622516586326472,-0.01278948054682752,-0.012128037851100702
-0.7917368066597202,0.06468463059110452,1,0,-6.686549050630205,0.641133509583115,-1.3215712121995455,-0.22811518171563971,-0.7523348374668184,-0.2938668974735878,-1.2637503194065218,0.06468463059110452,0.05971143985862961,0.24124584867123566,0.24124584867123566,0.06468463059110452,0.24124584867123566,-0.2557648832759957,-0.13576488327599573,-0.0049731907324749094,-0.032923860710656366
0.44625076405985364,0.2941203152462287,0,0,-0.4805188659342501,-2.1098708075573116,0.2143134859215077,-0.1492330851799887,0.5491904942330328,0.20039950048029245,0.2066900724960235,0.3931747418120402,0.3629460311530394,0.2941203152462287,0.2941203152462287,0.3931747418120402,0.2941203152462287,0.474351467805854,0.594351467805854,-0.03022871065900079,-0.020235801971163647
-1.3751874171082699,0.49362114005575225,1,0,0.8542867716669831,-16.559446410769553,-1.4463073545301137,0.49259155164487217,-0.3308664018044421,-0.1665983076496178,1.0482643763908097,0.49362114005575225,0.4556697433074719,0.56513645418253,0.56513645418253,0.49362114005575225,0.56513645418253,-0.8043390660957895,-0.6843390660957895,-0.03795139674828035,-0.04746125843477795
-1.1077794480839789,0.008917060050203422,1,1,-1.1069321682333624,1.3996955307721124,-0.7194355565168952,1.3511843284590006,1.4444752993730932,0.752784437364372,-0.9806208107674219,0.009659735834066383,0.008917060050203422,0.06859831217835899,0.06859831217835899,0.008917060050203422,0.06859831217835899,0.8545912111752796,0.9745912111752796,-0.0007426757838629606,-0.015704703416663267
0.34390756249012705,0.3062439991397054,1,1,2.937573229563152,-1.674857574952263,-2.1862932456269317,1.078834914259941,0.11138506133107968,-0.7451974708214624,1.1735623437556026,0.331750163821104,0.3062439991397054,0.7217766370024856,0.7217766370024856,0.3062439991397054,0.7217766370024856,-0.4533832092629901,-0.3333832092629901,-0.025506164681398602,-0.03756013299219165
0.9976691135980253,0.4423513237327627,1,1,0.6571771080545346,7.5490726712778775,-0.8615588808778094,-0.4241552582309427,0.5248903643169941,-1.1136028316148774,-0.10948090960706738,0.4791934683686008,0.4423513237327627,1.334220194113297,1.334220194113297,0.4423513237327627,1.334220194113297,0.17746790365584236,0.29746790365584236,-0.03684214463583807,-0.024664766961956058
0.5026443487530131,0.025156604348458095,1,1,3.872438404163598,3.2610223341078166,1.0891371839133615,0.21111074362112997,1.2474263368236806,1.133602358005998,0.0077383344216193865,0.027251824157300278,0.025156604348458095,0.3944108878322602,0.3944108878322602,0.025156604348458095,0.3944108878322602,0.8260983866806976,0.9460983866806976,-0.002095219808842183,-0.016005868952259604
0.8541173345352181,0.4511421036532355,0,1,7.7355513095412824,-0.7335600945856906,-2.3367413763573883,-1.1057722952153066,0.7633341123844894,-1.550251420285287,-0.32669258858695,0.5046474086104086,0.4658482720499241,0.4511421036532355,0.4511421036532355,0.4658482720499241,0.4511421036532355,-0.2626233171724045,-0.1426233171724045,-0.038799136560484504,-0.033074742800943385
0.373818558763846,0.36937503605374583,0,0,4.533772281029291,8.553860527407164,0.3384806136890324,1.4695706957615102,-0.5750196964544141,-0.6434877090831294,-0.05244576649550049,0.45872696281390063,0.42345835790180597,0.36937503605374583,0.36937503605374583,0.45872696281390063,0.36937503605374583,0.9061253017300206,1.0261253017300205,-0.03526860491209466,-0.015174314877156715
0.1724960990323319,0.048255286303611346,0,0,2.7826718424506174,1.6776405987019185,0.3509129698101024,-0.15424682739609405,1.0492683488858106,-0.7991438330284719,0.12016093337904353,0.3244954568164139,0.2995470605154304,0.048255286303611346,0.048255286303611346,0.3244954568164139,0.048255286303611346,0.14039777882935636,0.26039777882935633,-0.0249483963009835,-0.02528191209443753
-0.5036932742584369,0.42999914835074804,1,1,4.283224449093639,0.06718965560844237,0.44521271024701903,-0.40023280990585663,0.8397099365599667,0.14895854124234953,0.7888457131522739,0.46581251651961125,0.42999914835074804,1.2242469029663339,1.2242469029663339,0.42999914835074804,1.2242469029663339,0.12526423580663032,0.24526423580663032,-0.03581336816886321,-0.025538273072774897
0.813001808716797,0.1168013613232231,1,1,5.52507647015816,0.7581130874382935,0.19410410804883196,0.376404571487228,-0.6323917568493553,-0.6307717051912234,1.2243964799287768,0.12652940420827766,0.1168013613232231,0.5863908539022707,0.5863908539022707,0.1168013613232231,0.5863908539022707,0.11623420081058311,0.2362342008105831,-0.009728042885054564,-0.02569247776471371
1.0248792328266414,0.18781260875280098,0,0,14.909872272763245,14.723459747909343,0.6355104445203323,-1.0229651662224017,0.18086342465483146,-2.3737760535354258,-0.5739401636994166,0.41899643517755525,0.38678245839012976,0.18781260875280098,0.18781260875280098,0.41899643517755525,0.18781260875280098,0.3453753132053117,0.46537531320531167,-0.03221397678742549,-0.022052754472557324
-0.06311569132977517,0.09003528233094178,0,0,6.022127130977701,-4.238304007700339,0.9610276766199058,-0.12514558871115952,0.11791266966603123,-3.0163812465202113,-0.3922536181361517,0.20050859784300357,0.18509276425994073,0.09003528233094178,0.09003528233094178,0.20050859784300357,0.09003528233094178,-0.5804055066263738,-0.4604055066263738,-0.015415833583062838,-0.04087933696477158
-0.11692604177865809,0.37757511852046477,0,0,-0.6169405910817904,-2.849814880772799,0.3382722238272125,0.4652898753983397,0.9623557113343643,-0.21025775177342823,-0.16565581262414916,0.7103365898419214,0.6557233175196168,0.37757511852046477,0.37757511852046477,0.7103365898419214,0.37757511852046477,0.33840173311525057,0.45840173311525056,-0.05461327232230462,-0.022155517596104485
1.591405811722237,0.06427551367015064,1,1,-1.959083043584053,-5.407637661658837,-1.3321174294098623,-0.20452153917319804,-1.2615750623977986,-1.8478701198054168,-1.0851793701105783,0.06962883272703921,0.06427551367015064,0.8851190295600333,0.8851190295600333,0.06427551367015064,0.8851190295600333,0.011648760274557024,0.13164876027455702,-0.0053533190568885725,-0.0275477780857618
-0.020421779816222816,0.5256118724292451,0,0,-1.9579839556058618,5.199753518485232,1.5086849078039715,-0.27056120151327656,0.21987736302336577,-0.5134962511980561,-1.7905510194518974,0.6664976997855743,0.6152549215011561,0.5256118724292451,0.5256118724292451,0.6664976997855743,0.5256118724292451,0.3864491645435634,0.5064491645435634,-0.051242778284418145,-0.021457086116976682
0.07568587036596909,0.017850964343002013,1,1,-0.8061642478498647,-4.049667106021445,0.9361131249297073,-2.1721981398555887,-0.5547926767916584,-0.05461488085006111,0.23048964342985517,0.019337718818300893,0.017850964343002013,1.5723695095394628,1.5723695095394628,0.017850964343002013,1.5723695095394628,1.7862916894754508,1.906291689475451,-0.00148675447529888,-0.00843868588763421
0.48422590775289504,0.2978449143855889,1,1,3.7751203519223573,-2.1264849394815006,-0.7264696045288699,-1.8379614830549744,-0.8010932923354382,-0.7487579876196624,-0.7730934951550803,0.32265154392666373,0.2978449143855889,0.4985545903115108,0.4985545903115108,0.2978449143855889,0.4985545903115108,1.2808715526866226,1.4008715526866227,-0.02480662954107482,-0.011819767642942307
-0.09780625595415364,0.0649367605484824,1,1,-2.7901637946293567,-4.183687173659744,0.9700585902076034,-1.2136027781391423,0.30097927443815886,0.15829703721791577,0.96045507747167,0.07034515291887643,0.0649367605484824,0.49006080415400943,0.49006080415400943,0.0649367605484824,0.49006080415400943,0.6141556529453932,0.7341556529453932,-0.005408392370394033,-0.01843499241649279
-0.8203403227430952,0.08811211480284509,1,0,3.491062788672363,-0.9417740439970741,-0.13313187173693122,0.7911309671975586,-0.17222013809409803,0.4343925265848003,-1.5029410872472406,0.08811211480284509,0.08133773348920216,0.34280644357138956,0.34280644357138956,0.08811211480284509,0.34280644357138956,0.5804001344845182,0.7004001344845182,-0.006774381313642927,-0.018854550664023906
0.3779655755235219,0.23311657273237607,0,0,-5.772340124670232,-8.761290404239325,-2.6382780762911087,0.3775468535658534,0.43118312603922965,0.4755023331518825,-0.5249325147546792,0.33199872689642296,0.3064734517776405,0.23311657273237607,0.23311657273237607,0.33199872689642296,0.23311657273237607,-0.3741135456461754,-0.2541135456461754,-0.025525275118782442,-0.035626749733740304
-0.038755010022321526,0.3315320456001263,0,1,-7.381499429410342,-17.002973082460763,1.4897222522103726,-0.45987781573702197,0.4208790196723695,0.5946362250040785,1.7187401597491105,0.8206546478661434,0.7575597201834054,0.3315320456001263,0.3315320456001263,0.7575597201834054,0.3315320456001263,0.12339953635204018,0.24339953635204017,-0.06309492768273794,-0.02557004028336395
1.8422497564744964,0.10067880006766412,1,1,1.8928373506439824,6.079564773985287,-0.31702961978983357,-0.6531929062291528,-1.4981453844153232,1.552367006662473,0.42141090704854006,0.1090640421023333,0.10067880006766412,0.4170755806075878,0.4170755806075878,0.10067880006766412,0.4170755806075878,1.2073645459029283,1.3273645459029284,-0.008385242034669171,-0.012413418504926645
0.7884485502923761,0.024354112110258362,1,0,-4.0240469485907004,-13.92727446741001,0.4530611058943021,3.11670424132392,0.3250447411862994,-1.3023214051000322,-0.19590357499297611,0.024354112110258362,0.02248167899071222,0.27139142110380965,0.27139142110380965,0.024354112110258362,0.27139142110380965,3.4673286120458067,3.5873286120458068,-0.0018724331195461436,-0.0027514699998347487
-0.5954822864430015,0.1445924733300773,0,1,-6.986827481584886,5.786178740126223,-0.9747824088486532,-0.3958683945827724,-0.40258960275460726,-0.5870243910670495,-1.393282505355397,0.29171970685619864,0.2692912299620745,0.1445924733300773,0.1445924733300773,0.2692912299620745,0.1445924733300773,-0.06291787957164137,0.057082120428358626,-0.02242847689412414,-0.02895181728656867
0.7290602191903756,0.1554250277588573,1,1,-2.4838945972265773,12.200433273311468,1.5925016336722961,0.2988480444383938,-0.22547203470023827,0.757637829515743,0.471067274849391,0.1683699225641916,0.1554250277588573,1.2034570347652052,1.2034570347652052,0.1554250277588573,1.2034570347652052,0.5205895199071813,0.6405895199071813,-0.012944894805334284,-0.01962154196126228
0.3078658347309799,0.027262672603496123,1,0,-3.360116598120503,-1.0461869286139105,0.27569073274204753,0.6849980727668268,0.13393474375865663,0.6702214569915914,0.7531123008777751,0.027262672603496123,0.025166618726474372,0.7654001889254811,0.7654001889254811,0.027262672603496123,0.7654001889254811,0.5997001032318319,0.7197001032318319,-0.002096053877021751,-0.01861350985702551
1.3094263019455128,0.006939011361495499,1,1,2.740294986635085,11.147015921873011,0.16271873503280307,-0.22039449349611565,1.5303978014539088,-0.4779015397734336,0.3913136004273458,0.007516941270357681,0.006939011361495499,2.0723208639277453,2.0723208639277453,0.006939011361495499,2.0723208639277453,0.5584186784557337,0.6784186784557337,-0.0005779299088621822,-0.01913288540154874
-0.5244542128290394,0.24682746457979268,1,1,-3.9114712677143713,-0.5933563996474727,0.41390841073906653,-0.6095578522636356,-0.8078223853114933,-0.353852020869851,-0.4922168531756078,0.2673850003262883,0.24682746457979268,0.4145879564574946,0.4145879564574946,0.24682746457979268,0.4145879564574946,0.17794365471376206,0.29794365471376205,-0.02055753574649563,-0.024656945343085785
0.18867614835952437,0.3507739624104711,0,1,-1.644894927487301,11.565355537690177,-1.4581305616388653,-0.6514950825192756,0.26622298463456223,1.2659435841485986,0.5543913351736333,0.5673287752896504,0.5237104662453868,0.3507739624104711,0.3507739624104711,0.5237104662453868,0.3507739624104711,0.34630156230223597,0.46630156230223596,-0.04361830904426367,-0.02203914111350051
-0.09909364909249228,0.2300259204007359,0,0,-0.11273130811842687,-3.230304794772318,-2.599534498370238,0.6413037147573276,-0.5581517858957178,0.453080074687763,-0.014135259210628073,0.9503455799832029,0.8772795395987826,0.2300259204007359,0.2300259204007359,0.9503455799832029,0.2300259204007359,-0.5998340930385284,-0.4798340930385284,-0.07306604038442033,-0.0414122660207806
0.05847942305829942,0.11365525281311045,1,1,4.745913329929448,-17.830541093284438,-0.19268762608682777,-0.10223572796214128,-0.02242430826978004,1.3444049720902438,-0.019660187085087422,0.1231212655457705,0.11365525281311045,0.4387438900272771,0.4387438900272771,0.11365525281311045,0.4387438900272771,0.6527518779847352,0.7727518779847352,-0.009466012732660053,-0.01796669567174695
-0.8851989490039494,0.033800301707954145,1,1,5.948296720722091,-1.4424588533018978,1.0855361331812003,0.9399058658456572,0.667045547583653,-1.7866188201296775,1.1166326561616067,0.03661542972373854,0.033800301707954145,0.5671010331191894,0.5671010331191894,0.033800301707954145,0.5671010331191894,-0.41978368227921503,-0.29978368227921504,-0.0028151280157843947,-0.03672815071454597
0.5759116679131766,0.4162987586092854,1,0,1.9856463277339618,14.436353783605309,-0.45790129413558806,0.7157272810747723,-0.9725328332404135,-1.1850740433032558,1.9763887368311992,0.4162987586092854,0.3842921890526956,0.7306875193168701,0.7306875193168701,0.4162987586092854,0.7306875193168701,-0.24625392117492317,-0.12625392117492318,-0.032006569556589815,-0.032715762750825154
0.41796427584949686,0.08235352685807246,0,1,1.5193823059315243,4.796989076634173,-0.9569830668381143,1.1461066390517474,0.11842032143652105,-0.4201200583601715,-0.04482888433020653,0.49863503303257817,0.46029814987341305,0.08235352685807246,0.08235352685807246,0.46029814987341305,0.08235352685807246,0.5119830830023138,0.6319830830023138,-0.038336883159165114,-0.019734446595638756
1.2852236169217952,0.014060010722551666,0,1,1.436373767218834,-1.120857467550858,-1.3010944965313112,-0.013754379609230549,-1.0827403138959595,-0.39544379431398563,0.925299563969576,0.4140683161332927,0.3822332311434316,0.014060010722551666,0.014060010722551666,0.3822332311434316,0.014060010722551666,-0.011513187020369797,0.1084868129796302,-0.031835084989861095,-0.027976452670378796
-0.010025851986780639,0.17882690953615338,1,0,2.9295073162979426,2.0083345774960817,0.2541906765576573,-1.4821704988805215,0.8514881269138698,-0.007099761909142564,-0.5421852684093387,0.17882690953615338,0.16507804336662732,0.6295701111600929,0.6295701111600929,0.17882690953615338,0.6295701111600929,1.1609862046340234,1.2809862046340235,-0.013748866169526058,-0.012803222783504766
-0.41183950824813503,0.005428724431180974,1,1,0.4529306189291995,6.111246999944268,0.746676303908931,-0.16720683697700237,-1.1656613399057127,1.8478097114496044,-0.017287442890987742,0.005880866970269446,0.005428724431180974,0.46929609679713874,0.46929609679713874,0.005428724431180974,0.46929609679713874,0.648736879629769,0.768736879629769,-0.0004521425390884718,-0.01801485092646307
0.789294377944037,0.12649763162542185,1,0,7.611537454080247,0.2497156162237829,-0.08138520448221714,-0.40510517173058996,1.1799657394575893,-0.5248785081420402,-1.5449798588116046,0.12649763162542185,0.11677203153262197,0.1435544122081774,0.1435544122081774,0.12649763162542185,0.1435544122081774,0.7487688235035628,0.8687688235035628,-0.00972560009279988,-0.01685265997935904
-0.7942043815996842,0.594681347715398,1,0,-9.861269597098607,18.07124046846679,-0.6786776618959786,1.3267746004547925,0.8321321614571173,-0.25501565265986115,1.3732551416404741,0.594681347715398,0.5489600729673189,0.9164341228979751,0.9164341228979751,0.594681347715398,0.9164341228979751,0.16512548843411679,0.2851254884341168,-0.04572127474807919,-0.024868552745234352
1.0849845350839589,0.21906756030145838,1,1,0.05763676431804843,-2.3707164437591794,0.7479422288218825,-0.2665893636346067,-0.16590985510107972,0.3293177319454342,-0.8318869496638158,0.237313055021674,0.21906756030145838,0.43019969023967264,0.43019969023967264,0.21906756030145838,0.43019969023967264,0.8669572132079932,0.9869572132079932,-0.01824549472021561,-0.01557576603065948
1.082841997413703,0.02704294655386161,0,1,2.549535498598976,9.688052279326442,0.004505065509350931,0.3085133646132903,-1.6869662386085398,-0.18932032256789785,-0.3030561853656883,0.5910871277062744,0.5456421897243867,0.02704294655386161,0.02704294655386161,0.5456421897243867,0.02704294655386161,0.5211566986324606,0.6411566986324606,-0.045444937981887645,-0.019614124082999826
1.2572789011344085,0.08125515251912263,1,1,2.6425711048412506,7.752360020780483,1.0280680199603225,-1.844496993811034,-0.38150601970371084,-0.4817546473645869,0.9600709639216006,0.0880226559059219,0.08125515251912263,1.408343340428248,1.408343340428248,0.08125515251912263,1.408343340428248,1.4176902016558106,1.5376902016558107,-0.006767503386799267,-0.010789364939909727
0.37662298467949346,0.08223862624618722,1,1,-4.335475525790151,-4.604893334420745,-0.04354656936489266,1.7960946456523694,0.6622133819063865,-0.410222994189519,0.23965869655895883,0.08908804027584903,0.08223862624618722,0.6183925654214126,0.6183925654214126,0.08223862624618722,0.6183925654214126,1.327421241544153,1.447421241544153,-0.006849414029661813,-0.01145859642660306
-0.4864963825977661,0.2773397785763263,0,0,-7.294214914981561,-2.9372175297895176,-0.3540688093694581,0.8593960904904201,-1.332197713291012,-0.8236959765713334,0.45568991855492125,0.8778557299993185,0.8103629741315439,0.2773397785763263,0.2773397785763263,0.8778557299993185,0.2773397785763263,-0.12959509732136237,-0.009595097321362378,-0.06749275586777459,-0.03026780038320657
0.10918772630536258,0.09227322316892626,1,0,4.46557953921363,6.936797008247175,1.225756448723621,-2.201968596139199,1.3744712159904158,-0.14013512842800616,-1.883874961937163,0.09227322316892626,0.08517892064101788,0.6306671754652228,0.6306671754652228,0.09227322316892626,0.6306671754652228,2.288144368224936,2.408144368224936,-0.0070943025279083805,-0.006039119018645903
0.38006889507920627,0.0989094325164785,1,1,-1.466400303870783,1.9550254506599773,-3.0017278418893385,-1.5293860658082796,-0.019704855845401752,-0.06589803780888462,0.6332004347093099,0.1071473091161702,0.0989094325164785,0.44484751450421184,0.44484751450421184,0.0989094325164785,0.44484751450421184,-0.3048188540249187,-0.1848188540249187,-0.00823787659969169,-0.034018357032452456
-0.560141645187876,0.09856010277118055,1,1,-8.649735710740313,1.8280485645804752,-0.5494871775609635,-1.108040546446171,-0.413086387660893,0.033610286911577296,0.23077279495527736,0.10676888472073472,0.09856010277118055,1.396585168218656,1.396585168218656,0.09856010277118055,1.396585168218656,0.3213762448082038,0.4413762448082038,-0.00820878194955417,-0.022408422494611287
1.3331162889252157,0.09489670928567799,0,0,5.66991494405917,-9.371330182833178,-0.7891646992724058,0.9014467003353596,-0.6213967717240335,-0.8697173623249038,-0.5423915094682898,0.18102297745287776,0.1671052695583309,0.09489670928567799,0.09489670928567799,0.18102297745287776,0.09489670928567799,0.6000332794045405,0.7200332794045405,-0.013917707894546855,-0.018609375930834494
0.580084167568543,0.24958702161847288,1,1,3.235454697065215,5.579564206389952,1.0748401757026071,-0.13279645294065934,-0.6945135030697719,0.9261077504485437,2.1427485399487463,0.27037439277880193,0.24958702161847288,0.8588409552545329,0.8588409552545329,0.24958702161847288,0.8588409552545329,0.2650507093982005,0.3850507093982005,-0.020787371160329055,-0.02326586463783477
-0.8922229553220049,0.010663382473187929,1,1,-2.052343169039634,0.6440510932766905,0.2096826343089477,1.2338424608654335,1.0360779505747895,-0.605639751658333,0.02663418047623251,0.0115515043308763,0.010663382473187929,0.04888219570394111,0.04888219570394111,0.010663382473187929,0.04888219570394111,0.379647664963445,0.499647664963445,-0.0008881218576883704,-0.02155460060629662
1.882873676465777,0.13330952272961324,1,0,-1.5208853188965685,2.8298687728719947,-1.2825446297039873,-0.20494226636163507,-0.626190369125724,-0.40288595717563497,-0.7498950313803366,0.13330952272961324,0.1230601995607068,0.3799396883713204,0.3799396883713204,0.13330952272961324,0.3799396883713204,0.5256685201335471,0.6456685201335471,-0.010249323168906449,-0.019555215770834824
0.09738927517017688,0.052305820077606716,1,1,-0.5002913725449745,3.6147991263152415,-0.28709680819556727,0.5322326862649144,-0.11949191043999567,-1.8643731977553857,-0.7461205648984861,0.05666221845420455,0.052305820077606716,1.3903173747744326,1.3903173747744326,0.052305820077606716,1.3903173747744326,-0.09417731742609792,0.025822682573902078,-0.004356398376597834,-0.029561492950395986
-1.0941030428499863,0.34263783372114087,0,1,4.22178573775942,-4.8405055666483285,-1.5193993525582523,0.24406022598176774,0.5033173640541875,0.25654822185416504,-0.7874043932993874,0.9272334828464867,0.8559443849326039,0.34263783372114087,0.34263783372114087,0.8559443849326039,0.34263783372114087,-0.2915199165521747,-0.1715199165521747,-0.07128909791388272,-0.0337180847646685
-0.8302541227472741,0.46586270302258276,1,1,-8.98684485038024,-5.467771011157037,0.2468539291312162,-0.47011425576887506,-1.1382254497502524,0.7419299197089303,0.8180277537237719,0.5046630414964637,0.46586270302258276,1.0696942046603906,1.0696942046603906,0.46586270302258276,1.0696942046603906,0.08990962441803968,0.20990962441803968,-0.038800338473880924,-0.026147353287486273
1.4877835971653446,0.36175405949597905,0,1,-4.5186042084031754,0.15687702570998163,0.948895481083506,-0.6083486000324562,1.1793623126930788,-0.4935822513280676,0.653501321538513,0.6099657345626869,0.5630693403105481,0.36175405949597905,0.36175405949597905,0.5630693403105481,0.36175405949597905,0.6113027650873716,0.7313027650873716,-0.04689639425213876,-0.018470087757622856
1.8249849162168217,0.07834040415624231,1,0,-0.6557481449142633,0.40092201857435006,-0.5109126617666753,-0.22398216374577085,-2.4211778573891896,-0.30191321441691565,0.09108996678502743,0.07834040415624231,0.07231730765916283,0.35275019894343485,0.35275019894343485,0.07834040415624231,0.35275019894343485,0.49126542080833757,0.6112654208083376,-0.00602309649707948,-0.02000890534588313
1.0094850534809183,0.07610036859261757,1,0,0.17312778486226682,18.228811841195096,-0.41004961736383877,1.7561880680851394,-1.1624660853252764,-0.5635812371039258,-0.9048726099858533,0.07610036859261757,0.0702494942138934,0.14668291220292562,0.14668291220292562,0.07610036859261757,0.14668291220292562,1.4811219228722248,1.6011219228722249,-0.005850874378724169,-0.010342618812047958
1.3193086485871355,0.30683664215335976,1,0,-0.39815356647380873,8.454301082360011,-0.5637769789954712,1.031413062940705,1.4780317943269636,-0.7007926109189417,-0.7230075427232033,0.30683664215335976,0.2832459200421531,0.48951917726561583,0.48951917726561583,0.30683664215335976,0.48951917726561583,0.9446481150861097,1.0646481150861096,-0.023590722111206663,-0.01478957162132077
1.216615458798611,0.01534827562415185,1,0,4.448152541017226,-5.611675108218282,-1.157128648593915,1.3062853865193034,1.1210044069163025,-0.10598179998878679,-1.39609919630688,0.01534827562415185,0.014168244117502117,0.1954716716825094,0.1954716716825094,0.01534827562415185,0.1954716716825094,1.246720984930616,1.3667209849306161,-0.0011800315066497324,-0.012091955526681443
0.5569161527640661,0.06703869488235217,1,0,6.691678409575456,16.564809041262997,-1.306662565456252,0.1706294503845932,0.5493379184464988,-2.0661448050211484,-0.3213099105378827,0.06703869488235217,0.06188451508632539,0.8867004871984309,0.8867004871984309,0.06703869488235217,0.8867004871984309,-0.4171562284635011,-0.2971562284635011,-0.005154179796026781,-0.03666387268034361
0.32904178781092575,0.3175154762356199,1,0,1.48454458657182,-3.7262589191961064,1.6182958895573838,-0.21750920663028547,1.489638090790624,0.6490461289556837,-1.0842796008353577,0.3175154762356199,0.29310372634383813,0.6266224126261488,0.6266224126261488,0.3175154762356199,0.6266224126261488,0.7474918477163593,0.8674918477163593,-0.024411749891781742,-0.01686701304716125
0.5398631944766077,0.24902514448935087,1,1,4.033397837982038,1.8919017358857095,-0.292671293351856,-0.1286942385447029,-0.9525115680935066,-0.9698680228109412,1.5067685921185607,0.2697657185512017,0.24902514448935087,0.8850145904746514,0.8850145904746514,0.24902514448935087,0.8850145904746514,-0.24063810585125017,-0.12063810585125018,-0.020740574061850814,-0.032593507959214486
0.7360154431432946,0.08111594024594426,0,1,2.22645044220117,8.014232487817694,-0.9773606196929516,1.0784360764086802,-0.4364844783650164,-0.025639329883172433,0.5618444182385726,0.15293921390112736,0.14118068835565287,0.08111594024594426,0.08111594024594426,0.14118068835565287,0.08111594024594426,0.5340937804034597,0.6540937804034597,-0.01175852554547449,-0.019445685145139502
-0.7415980065263982,0.08899094881690589,0,0,-2.7059326152016934,-15.082250457133677,-0.5985586729046787,0.5679043134945333,-2.046429699548382,0.43970738841463686,-2.468530124571636,0.9121218083821077,0.8419945512132625,0.08899094881690589,0.08899094881690589,0.9121218083821077,0.08899094881690589,0.47142165651952295,0.5914216565195229,-0.07012725716884516,-0.02027536531696682
0.73195872931211,0.14206739594293885,1,0,-5.3701575303037,-0.36272371176495266,-0.2268467266984575,0.8542429853184914,0.6222953060583759,-1.298410478961941,-1.169664396093517,0.14206739594293885,0.1311447354835093,0.537847379062386,0.537847379062386,0.14206739594293885,0.537847379062386,0.5661215740614942,0.6861215740614942,-0.01092266045942955,-0.019034884833703577
1.4586168472970176,0.3991693194026702,1,0,-3.118701499790826,-1.1798337046373506,-0.6886720403226348,0.18621586235813473,-2.0319331900437034,-0.013223575848558187,0.31142937380006447,0.3991693194026702,0.3684797237166329,0.5577044964254084,0.5577044964254084,0.3991693194026702,0.5577044964254084,0.41393864650159123,0.5339386465015912,-0.030689595686037296,-0.02106743797637852
-0.20637242832903097,0.06576039918583924,1,0,-7.418426778367094,1.26991711573152,-0.2830371808709837,0.5253209680530518,0.22372415832620401,-0.5416542593988953,-1.9361893602594902,0.06576039918583924,0.06070449943335863,1.0569533226082306,1.0569533226082306,0.06576039918583924,1.0569533226082306,0.4438081895867154,0.5638081895867154,-0.005055899752480615,-0.020652070813277388
-0.313247785321797,0.10186244201692857,1,0,-0.5626648939764073,2.313687428860815,0.13341308157082288,-0.9530753652299778,-0.5783426248615452,0.47912421796308585,1.4173333834343511,0.10186244201692857,0.09403088530868763,1.2858198817669462,1.2858198817669462,0.10186244201692857,1.2858198817669462,0.31524139929688033,0.4352413992968803,-0.007831556708240942,-0.022500258306208
0.47654630923866603,0.06147029079979423,1,0,1.104477363423265,0.5926925336525671,-0.038060123442009,0.5540648364458706,-1.4444793411528907,0.2455235809950345,-0.059905937677162444,0.06147029079979423,0.05674423025443008,0.23780418796183916,0.23780418796183916,0.06147029079979423,0.23780418796183916,0.5017278601486462,0.6217278601486462,-0.004726060545364147,-0.01986982962784258
-0.6496575504081362,0.11591745307509874,1,1,-8.233817941950647,-2.3632016758780834,1.2292275806261819,-0.5404584760287566,-0.24163761716237078,1.0588144671327948,-0.09203379239464947,0.1255718778340733,0.11591745307509874,0.6673224397519925,0.6673224397519925,0.11591745307509874,0.6673224397519925,0.4565232206881419,0.5765232206881419,-0.009654424758974572,-0.02047774954208137
-1.3168186166275062,0.014053096602124721,0,0,-2.6692672531974804,6.450027021805547,-1.1088413812872686,2.551633273290123,-1.0785927633367334,-0.06470008154952371,0.3466881560256132,0.20498934834122515,0.18922901828892916,0.014053096602124721,0.014053096602124721,0.20498934834122515,0.014053096602124721,1.5918695094943935,1.7118695094943934,-0.01576033005229599,-0.009606513736655666
1.147719040105178,0.10594467420698905,0,0,-2.82527298789486,4.014751283248339,0.26761750903111453,-0.18974370400639878,-0.18476037052630803,-0.23493186628795537,-1.115933858591372,0.24353637689751895,0.22481241045387637,0.10594467420698905,0.10594467420698905,0.24353637689751895,0.10594467420698905,0.7642104213055655,0.8842104213055655,-0.018723966443642576,-0.016680061902107936
-0.45095126002343294,0.21216102074053858,1,0,-6.055535451360965,-0.6780326249946023,2.150219214422729,-0.219990917713377,0.5969309928230956,-0.3346528576816054,-0.3547636723554835,0.21216102074053858,0.19584930631166525,1.720360381336432,1.720360381336432,0.21216102074053858,1.720360381336432,-0.11594551625875443,0.0040544837412455625,-0.01631171442887333,-0.029993621222102602
0.0184485787202093,0.2831076144218482,1,0,-1.741618134687736,1.4221471993275254,-0.4554436626696503,-1.5498457879892507,-0.16062114012076936,-0.4070076543194302,1.171524509184777,0.2831076144218482,0.26134126665933294,1.8307591347154548,1.8307591347154548,0.2831076144218482,1.8307591347154548,0.6398745067268695,0.7598745067268695,-0.021766347762515237,-0.01812160219023191
-0.6101250410080655,0.13913376866514196,1,1,-6.569817904496922,12.365697101168122,-1.1967001175845153,-0.577147177554855,-0.8984404667540822,1.4425303940118088,-0.8694084448546713,0.1507218122718277,0.13913376866514196,1.3793245281563522,1.3793245281563522,0.13913376866514196,1.3793245281563522,0.39239571004068047,0.5123957100406804,-0.01158804360668575,-0.021372190813537105
1.276754814912999,0.22785028059564758,1,1,4.006400006065213,3.702548053191248,0.5622998447261367,0.97016147340598,-0.1461229114154082,-1.3768110009404684,-1.3641538587636903,0.24682726233537555,0.22785028059564758,0.4430236672952166,0.4430236672952166,0.22785028059564758,0.4430236672952166,0.8104990272906036,0.9304990272906036,-0.018976981739727977,-0.016173191688172515
0.8531761582840144,0.2862987831419585,1,0,1.0541853749755281,-2.777019741432602,0.8597640647960797,-1.2605940187998574,0.3920266110599123,0.11434910982059632,0.3771324843110272,0.2862987831419585,0.2642870866689445,0.5464180060033094,0.5464180060033094,0.2862987831419585,0.5464180060033094,1.0483139892303925,1.1683139892303926,-0.022011696473013986,-0.013801975436137379
-0.24073954115370055,0.18057938156593684,1,0,3.1919949682110014,-14.42189569713303,0.4715848078458876,-0.9336707844179017,-0.9755281790147413,0.7149271341004025,-0.6293446105643965,0.18057938156593684,0.1666957789439058,1.2874198084362205,1.2874198084362205,0.18057938156593684,1.2874198084362205,0.7735755981746419,0.8935755981746419,-0.013883602622031033,-0.016576245173420108
-1.179897364762752,0.48733522225664544,1,1,-3.4510174365627506,-11.774557782348221,-2.7501484920051484,0.6487552978838649,-1.0362612880687683,0.4671358779052533,1.3928218493169693,0.5279239438931256,0.48733522225664544,1.2343015986181929,1.2343015986181929,0.48733522225664544,1.2343015986181929,-1.39294739097397,-1.27294739097397,-0.04058872163648014,-0.07026819767234724
-0.3469298048582003,0.13990726337878984,1,0,-3.5159419290547396,-4.7128202977876805,0.016762457261947625,0.9957658316635309,0.15379768053620216,1.5874293281411473,-1.0621071087571061,0.13990726337878984,0.12915068180318126,0.5933232645080933,0.5933232645080933,0.13990726337878984,0.5933232645080933,1.1592020338589641,1.2792020338589642,-0.010756581575608576,-0.012818460601275897
0.5701526999497136,0.11930657427763548,1,0,9.077236587260554,-0.3608630839697994,-0.00821498041648976,0.6731616050414675,-0.19041175701004545,1.1522189966526697,-0.4320395395107805,0.11930657427763548,0.11013384894707665,0.14330657914596284,0.14330657914596284,0.11930657427763548,0.14330657914596284,1.001309864196172,1.121309864196172,-0.009172725330558837,-0.0142413230548188
0.18863570407976524,0.11538408426270128,1,1,-8.46622981719147,-4.224719200221038,2.0693711516288884,2.122197504272245,0.28207199622729967,0.5526011803546168,1.1916714356246376,0.12499408629730198,0.11538408426270128,1.1178207750885698,1.1178207750885698,0.11538408426270128,1.1178207750885698,1.5529341231768903,1.6729341231768902,-0.009610002034600704,-0.00985913372089798
0.10909804445198702,0.048158768017089085,0,0,7.366020823574283,2.237051301395338,-1.1871973989673668,-1.3120000145777906,1.2564189138576347,0.2739884728729994,-0.22650524597978958,0.09497992586761737,0.08767752214698846,0.048158768017089085,0.048158768017089085,0.09497992586761737,0.048158768017089085,0.7728131026085658,0.8928131026085658,-0.007302403720628917,-0.01658467352439668
0.2116987594698118,0.06724640305227643,1,0,9.651051850174985,-3.470483435731131,0.011123302881161038,-2.3860414723640693,-0.19056231445700128,-0.7530467391932236,0.9180716336150824,0.06724640305227643,0.062076253893260526,1.3589517678467962,1.3589517678467962,0.06724640305227643,1.3589517678467962,1.8326204449013535,1.9526204449013536,-0.0051701491590159035,-0.008182033869542563
0.7587962314981597,0.25953258305867777,1,0,4.915717827854056,-5.156869071937484,0.9950307783840061,0.5766802341299105,0.39545864879914155,-1.4973467487202679,0.5906430799968742,0.25953258305867777,0.2395787698414127,0.5625826638217065,0.5625826638217065,0.25953258305867777,0.5625826638217065,0.058408445254578334,0.17840844525457833,-0.01995381321726508,-0.026702274760027574
-0.04185920406504428,0.23700470149719527,1,1,-1.524572364634975,4.299108346044631,0.6293979455233839,1.2451926537687301,2.118209812430197,-1.6925606735716086,-0.38847682561821334,0.2567441281100755,0.23700470149719527,0.4365893651751696,0.4365893651751696,0.23700470149719527,0.4365893651751696,0.48061912951102914,0.6006191295110291,-0.01973942661288025,-0.02015142427016508
0.4500134504595026,0.29153956894005817,1,0,7.977629192045864,10.960835509038128,-0.7422666371576447,0.17250718838507423,0.013401858218038697,-0.23408207308014561,1.0276043614011736,0.29153956894005817,0.2691249417070813,0.37912825445278825,0.37912825445278825,0.29153956894005817,0.37912825445278825,0.0030358727047463674,0.12303587270474636,-0.02241462723297688,-0.02770641035418859
-0.9869192077450982,0.5743083736597775,0,1,-2.9632354284578764,-9.070446215034325,-1.1014142111807836,-1.0411214673926061,-1.0242252710980422,-0.3603275874259869,-1.2285902159118463,0.7872964140694977,0.7267661892791347,0.5743083736597775,0.5743083736597775,0.7267661892791347,0.5743083736597775,0.07478202344054602,0.19478202344054601,-0.06053022479036296,-0.026412385292058537
2.5538507769753256,0.09041961870217444,1,1,0.13342058101083198,5.549347545066807,-0.048571488799270555,-0.1654901946308669,-0.78651511399908,0.8737662540561958,-0.059500528286736874,0.09795040360416639,0.09041961870217444,0.18731958652104896,0.18731958652104896,0.09041961870217444,0.18731958652104896,1.2075883479867082,1.3275883479867083,-0.007530784901991952,-0.01241156654380217
-0.28385931931625463,0.5414317677510209,1,0,-2.3371800572334167,-14.2869348140286,1.0626473640318037,-0.19504985120443202,-0.02419488823135469,-0.5627824046817108,-0.007046540535484532,0.5414317677510209,0.49980451526397995,0.7359634059735468,0.7359634059735468,0.5414317677510209,0.7359634059735468,0.008106675712746814,0.1281066757127468,-0.04162725248704091,-0.027612905991327593
0.20359300788397736,0.11006828384923006,1,0,-1.8310991524073301,-10.419178129142747,0.7122313061320464,-0.41133423227029803,0.5184119625346643,-0.8127469610457412,0.7590505655222095,0.11006828384923006,0.10160583203994841,0.9115858695254685,0.9115858695254685,0.11006828384923006,0.9115858695254685,0.04274737933517675,0.16274737933517675,-0.008462451809281651,-0.026982525948475417
0.5664655247862109,0.056116069635572946,1,1,-4.573692433808899,-4.127470670171649,-0.5799058273119273,0.8516798732290504,0.06097654243366502,1.5209537333910634,-1.154067726254209,0.06078981252496359,0.056116069635572946,0.7196886515955443,0.7196886515955443,0.056116069635572946,0.7196886515955443,1.2550366813550762,1.375036681355076,-0.004673742889390646,-0.012025105644775989
-0.4107905124005407,0.3150775371079661,0,1,5.35815046148375,8.976510759867978,-1.4761767733118683,-0.6162172459755669,-1.3846109480343132,-1.3827348944282776,0.6215507604598759,0.5052713741859569,0.4664242648722953,0.3150775371079661,0.3150775371079661,0.4664242648722953,0.3150775371079661,-0.7986968556268257,-0.6786968556268257,-0.03884710931366159,-0.04728306949855935
0.007824794249462879,0.1362271991823214,1,0,-2.897220530116539,-5.2370909659918,-0.004178793412658349,-0.47968097670425885,-0.3869625973054321,-0.5972376643263394,1.6503691678190437,0.1362271991823214,0.12575355438766903,0.4608038815029476,0.4608038815029476,0.1362271991823214,0.4608038815029476,-0.1806602635698903,-0.060660263569890294,-0.010473644794652376,-0.031315960822223085
-0.00432472534322486,0.17821066791562246,1,0,1.570120677188479,-6.055350000539968,-0.7355057076430367,-1.3221338980832993,0.7960506174863278,-0.2157556233478209,2.0387736888178853,0.17821066791562246,0.16450918065339146,0.6326220881013571,0.6326220881013571,0.17821066791562246,0.6326220881013571,0.2946534303145073,0.4146534303145073,-0.013701487262230999,-0.022811210462535945
-0.914038092573377,0.05200415935282275,0,1,-8.350910693628274,-1.2680313495874604,-0.5262056387941353,0.845984179756792,1.0821973305993051,-0.5213358322020036,-0.7429207679090358,0.568277787631901,0.5245865150514409,0.05200415935282275,0.05200415935282275,0.5245865150514409,0.05200415935282275,0.14477204044215242,0.2647720404421524,-0.04369127258046002,-0.025208293024584556
0.43858942553963837,0.1225110190978011,1,0,-0.6837571906691976,1.7280859902275822,0.7413665309309047,0.5748919179139307,-1.4106101007109266,-1.1284356363047208,-2.5364300049480053,0.1225110190978011,0.11309192434166551,0.18236179447824225,0.18236179447824225,0.1225110190978011,0.18236179447824225,0.5711271108908746,0.6911271108908746,-0.009419094756135588,-0.018971470821556043
-1.649221838258731,0.013307419648240464,1,1,-8.114008431245981,-7.600119041688711,0.5953868539788023,-0.2618271931357455,-0.162150420975282,-1.6914440977018532,-1.0981023530893264,0.01441575560906254,0.013307419648240464,0.1509243493700924,0.1509243493700924,0.013307419648240464,0.1509243493700924,-0.4873967467749481,-0.3673967467749481,-0.0011083359608220766,-0.038421564857766904
1.7527084424166142,0.525123742082986,0,1,-1.8938060223046667,17.097410271654304,-0.4779589125675662,-0.672325600147821,0.11783607551763121,0.5834681266318139,2.269612569285197,0.5716627700440602,0.5277112476483364,0.525123742082986,0.525123742082986,0.5277112476483364,0.525123742082986,0.6258776476534504,0.7458776476534504,-0.04395152239572375,-0.018291490600261636
0.792970884978393,0.22322627145990953,0,1,0.1422433134254938,0.2480468880212543,-0.020017030030925434,1.1154026630969456,-0.8299727769797747,-1.6749463149753558,-0.35230164671012465,0.3763444000771743,0.3474096675823115,0.22322627145990953,0.22322627145990953,0.3474096675823115,0.22322627145990953,0.43277587307353216,0.5527758730735322,-0.02893473249486278,-0.020804524218691126
0.6391223576533764,0.3076795095194413,0,0,7.100482752887892,3.141346721191125,-1.5977217178742416,0.014673167169103205,-0.7804541245086651,-1.9542713867545856,1.7360251458601772,0.48453015560995544,0.44727770696081015,0.3076795095194413,0.3076795095194413,0.48453015560995544,0.3076795095194413,-0.9519416582971173,-0.8319416582971173,-0.03725244864914529,-0.0523690356777355
-1.7366421124332418,0.3325682408369722,1,0,1.1058733991579184,-5.5090389548887035,-0.5375617131053801,-1.6376193029441979,0.8981717905072897,-0.7286143625392852,1.090166033690662,0.3325682408369722,0.3069991794056566,2.9868018400447296,2.9868018400447296,0.3325682408369722,2.9868018400447296,0.14796827703691162,0.2679682770369116,-0.0255690614313156,-0.025154635766213268
-0.7925286732930206,0.2178974898170275,1,1,1.8946445828639649,1.7700819969188635,-0.7333943346780494,-0.5408976902627972,0.3448317094770465,0.5932193807041102,0.7684837373405985,0.23604553279762186,0.2178974898170275,1.2484296661362002,1.2484296661362002,0.2178974898170275,1.2484296661362002,-0.007097237311923271,0.11290276268807672,-0.01814804298059436,-0.027894212047918813
1.389345120805054,0.14489860181727043,1,0,1.3830786501569663,10.810001530064465,-0.08974113872932903,0.5286167215545834,0.7456286069234205,0.20056913856684971,-0.14265811326429617,0.14489860181727043,0.13375826790609066,0.2475356974141921,0.2475356974141921,0.14489860181727043,0.2475356974141921,0.8953098231602946,1.0153098231602946,-0.011140333911179773,-0.015284121924930056
4.151241397039601,0.08243310948491152,1,1,5.224697582739788,18.82631924955127,-1.4452949482311301,0.5991741567799889,0.04217369914115087,-0.41361585235070747,1.27776636359166,0.0892987214532386,0.08243310948491152,0.4284246886471682,0.4284246886471682,0.08243310948491152,0.4284246886471682,0.8148675991520186,0.9348675991520186,-0.006865611968327079,-0.01612615771177397
1.1946924650570308,0.2599603850659363,0,0,4.971080139068767,-3.7937124319477444,-1.4278336329133157,1.6440363153648863,-0.022273278634465647,0.3175181785028984,-0.39504411453027083,0.31192182705806143,0.28794013735208174,0.2599603850659363,0.2599603850659363,0.31192182705806143,0.2599603850659363,1.3462846409115052,1.4662846409115051,-0.023981689705979692,-0.01131539998392912
1.036943410250951,0.11276529217325221,0,1,-0.7906598346426179,9.381706722973927,-1.6670729125233301,-0.1396098984657797,0.33474490689279257,0.6762254464025941,-0.1980331984389014,0.2724628511091716,0.2515149116419844,0.11276529217325221,0.11276529217325221,0.2515149116419844,0.11276529217325221,0.37698181226757077,0.49698181226757077,-0.020947939467187204,-0.02159294226069536
0.5249742281141881,0.10576582617750953,1,1,7.231534549211947,4.772601637454849,-2.192539841204418,-1.5416613445826255,2.052019623763294,-1.0925359837721156,1.4270494582392084,0.11457475170005367,0.10576582617750953,1.096383038573906,1.096383038573906,0.10576582617750953,1.096383038573906,-0.016708192820183987,0.10329180717981601,-0.008808925522544142,-0.028073512538140978
-0.8474971957101705,0.6607115865797674,1,0,5.801821123610058,6.17093794519099,-0.9340867374175955,-0.18245590972786754,0.625208259599904,-0.8201944465808737,1.5922151357590542,0.6607115865797674,0.6099136658188323,3.095586670573219,3.095586670573219,0.6607115865797674,3.095586670573219,-0.7388679480065645,-0.6188679480065645,-0.050797920760935034,-0.04543425583268294
0.9951740832003304,0.2015858276265873,1,1,-2.396445004907122,0.7304497198206669,0.07572835806841098,0.4608508462996698,-0.2676070080191258,0.6587202870170907,1.5787927398498625,0.21837532009443544,0.2015858276265873,1.0381656026106552,1.0381656026106552,0.2015858276265873,1.0381656026106552,0.5304103386358369,0.6504103386358369,-0.01678949246784814,-0.019493495188860937
-1.101207337096929,0.04681687717831356,0,0,-5.841427015575767,-3.0468135023947007,-0.13128593762321436,1.7297127907492362,-0.6115958083791179,0.76409603935171,0.4891143362430499,0.5045863204614114,0.4657918805810142,0.04681687717831356,0.04681687717831356,0.5045863204614114,0.04681687717831356,0.9960321382918482,1.1160321382918483,-0.038794439880397213,-0.0142915191765571
-1.2105851651398536,0.0544478626406917,0,1,-3.9817519441980975,5.536841912924671,-1.0685820726823694,0.2138097046373318,0.0073659378503727856,-0.8531921762768451,0.3580024341941265,0.843229933559589,0.7783993354313735,0.0544478626406917,0.0544478626406917,0.7783993354313735,0.0544478626406917,-0.716313629405253,-0.596313629405253,-0.06483059812821546,-0.044756207128696275
-1.2735293254384898,0.3283866813838871,1,1,-9.038967693660753,5.134679359030326,0.14628954610851758,-0.07258694730721668,-0.06857746905868485,-0.09001025892361937,-0.3676996212463275,0.355737045139862,0.3283866813838871,0.3657978441699812,0.3657978441699812,0.3283866813838871,0.3657978441699812,-0.08725693790485754,0.03274306209514245,-0.027350363755974882,-0.02942542257767227
0.975722646501593,0.26140591699832927,1,0,0.3081719987621807,12.512826068295107,0.13983409501498167,-0.6439142123637804,2.6568094914699993,-1.4093332454653158,-0.584736077234459,0.26140591699832927,0.2413080750233459,1.2609218574028505,1.2609218574028505,0.26140591699832927,1.2609218574028505,0.5534786211854232,0.6734786211854232,-0.020097841974983377,-0.0191960009757716
-0.05741405492750189,0.06873584934185008,1,0,4.970253583088283,1.7847301133098674,-0.5057421045769407,2.0404934143245375,-1.3201346499774993,0.4259222979861098,0.24839406504653988,0.06873584934185008,0.06345118611023089,0.22012617661569792,0.22012617661569792,0.06873584934185008,0.22012617661569792,1.5510140473615062,1.6710140473615063,-0.005284663231619191,-0.009871761991064489
0.10085809990438051,0.14168038180293321,1,1,-4.946182492911018,-0.8974058263148506,0.33360230467454804,1.2363431626109402,1.2158293597470884,-0.4509568265201174,0.1940174494939909,0.15348052535036813,0.14168038180293321,0.5334929298017181,0.5334929298017181,0.14168038180293321,0.5334929298017181,0.7259713189662581,0.8459713189662581,-0.011800143547434916,-0.017110748665627142
-0.015403937050684434,0.09512219883881218,0,1,5.902700849507309,-17.64702820802215,-1.864102032152144,0.09909300852192908,-0.7939894278319191,-0.1863824259605165,-1.6853718648166949,0.11178936099769181,0.10319458648908594,0.09512219883881218,0.09512219883881218,0.10319458648908594,0.09512219883881218,-0.14726963141846922,-0.02726963141846922,-0.008594774508605865,-0.030626556025312505
-1.1257165411982248,0.07264791295350173,1,0,-3.12652505907493,-13.190661081057907,0.4048722867190754,-1.6965686955756079,0.14828460679158642,-1.2265055930225495,-0.8496410351358846,0.07264791295350173,0.06706247597825088,0.8501715578319707,0.8501715578319707,0.07264791295350173,0.8501715578319707,0.7067536135878468,0.8267536135878468,-0.0055854369752508515,-0.01733137853210796
-0.670730906017404,0.16298106860921643,0,1,8.329754364640678,-5.119923259431596,1.1547321025451627,0.587917945913622,1.149203137670543,1.5597271325012902,-0.7728387071397649,0.2890766998880599,0.2668514270261719,0.16298106860921643,0.16298106860921643,0.2668514270261719,0.16298106860921643,0.8392558177254855,0.9592558177254855,-0.022225272861888024,-0.01586608550085898
-0.6204262062534526,0.5976162350225479,1,0,-3.896377958249025,-9.312420895736249,1.4989716624408718,-1.4655056561789015,0.7461003345449032,-0.4933377145999715,-0.9303001426393164,0.5976162350225479,0.5516693154153516,1.1435008963528455,1.1435008963528455,0.5976162350225479,1.1435008963528455,0.7934385104915925,0.9134385104915925,-0.045946919607196324,-0.01635819042422314
-1.4052714472253607,0.09776989847843494,1,0,-3.076299496506489,3.4129995040176713,0.6144698673044425,0.9449515251692131,0.9152683866465448,0.21485988889479202,0.13195730132923905,0.09776989847843494,0.09025299147000516,0.13134051895194562,0.13134051895194562,0.09776989847843494,0.13134051895194562,0.2634994771830521,0.3834994771830521,-0.007516907008429774,-0.023289937589094842
-0.5042100953003512,0.4034740320390258,1,0,-4.941204407466295,-10.668791099464315,0.5268665856999025,0.30376407551719103,0.5413558395859803,0.20399946111071426,0.8427838245063638,0.4034740320390258,0.37245347431774994,0.6224233467484922,0.6224233467484922,0.4034740320390258,0.6224233467484922,0.09258632841141662,0.21258632841141661,-0.031020557721275877,-0.026100735743671378
-1.0813064563962387,0.6360263096449247,0,1,-4.362007356307314,-4.667989564144936,-1.6272078065504278,-0.13127347508638623,-1.3838464938455861,0.27670201760488466,1.6419301758536977,0.7639792276365012,0.7052417133310909,0.6360263096449247,0.6360263096449247,0.7052417133310909,0.6360263096449247,-0.9141256380395192,-0.7941256380395192,-0.0587375143054103,-0.051065280004525114
0.5776756288669925,0.3997594126006691,0,1,7.732847871868184,-1.9323135901959545,-0.47408478194696846,0.12725203029721524,0.7564867149216389,-2.0677229317665247,-0.5221104821441878,0.6482650203604374,0.5984240370853849,0.3997594126006691,0.3997594126006691,0.5984240370853849,0.3997594126006691,-0.11303987367618784,0.006960126323812155,-0.049840983275052486,-0.02993557696352369
0.6609710639668241,0.019562889945986716,1,1,4.288941663626593,9.720222015290158,0.36451565927285023,-2.896994725657275,-0.9768084930749713,1.1008579733812893,1.0029969004507249,0.02119222568483588,0.019562889945986716,0.685675690054957,0.685675690054957,0.019562889945986716,0.685675690054957,3.4035743595282058,3.523574359528206,-0.001629335738849165,-0.0028709361155840976
-1.2936391226398898,0.08583205807554628,0,1,2.345629424044053,-6.758414992752386,0.37431822737010023,0.8821976399431775,0.2151042344214637,0.5553949074423146,-0.31565370884061383,0.3622390804533678,0.3343888164665675,0.08583205807554628,0.08583205807554628,0.3343888164665675,0.08583205807554628,0.3897839527627859,0.5097839527627859,-0.027850263986800294,-0.021409435879085725
-0.29663176424800064,0.3623693542006771,1,1,-5.9175733939208435,1.8297900762091197,0.11581268292209276,-0.6323703864158223,1.2634833441823135,1.5215594095022018,1.3799128006970733,0.39255003512732006,0.3623693542006771,0.8216942966911983,0.8216942966911983,0.3623693542006771,0.8216942966911983,0.5780882922400512,0.6980882922400512,-0.030180680926642944,-0.01888363223341784
1.8560598813167035,0.06393189462263886,0,1,6.796075346336287,3.559425969320209,-0.4081087616778623,-0.9537740393650874,1.2769736607501632,0.5439072025914127,0.32858434152364246,0.13619305772844703,0.12572203785350822,0.06393189462263886,0.06393189462263886,0.12572203785350822,0.06393189462263886,1.2397753337815363,1.3597753337815361,-0.010471019874938814,-0.01214807636152062
-0.980762897678293,0.20742938154013615,1,0,-6.105207550408396,5.450008800601748,-0.6336320849451457,0.4256638126367649,-1.085278059661935,0.6340623560790319,1.3788866996062104,0.20742938154013615,0.19148145282056994,0.5600011117856296,0.5600011117856296,0.20742938154013615,0.5600011117856296,-0.2628178740177377,-0.1428178740177377,-0.015947928719566212,-0.03307903302424785
0.42663781779506577,0.47368590733683447,1,0,-6.1181559217686905,7.299547234545659,1.6310455439079523,0.708524054109816,-1.3820215496211217,0.19733013094602156,2.139681744057713,0.47368590733683447,0.43726720411561704,0.5452923966563985,0.5452923966563985,0.47368590733683447,0.5452923966563985,0.017033868001505692,0.1370338680015057,-0.03641870322121743,-0.027449056898116966
0.10552193400288436,0.18565202919913504,1,1,2.6683542632939825,-0.6552883321444833,-0.8686115904422842,-0.05918157291021701,1.4135243518009772,0.6171339220735854,2.4801563244851046,0.20111444231903683,0.18565202919913504,1.1235754193822707,1.1235754193822707,0.18565202919913504,1.1235754193822707,-0.0904662230114664,0.0295337769885336,-0.015462413119901791,-0.029488446354343105
1.0928875578409072,0.23402284521775082,1,0,3.840655741014592,-10.746746850785003,-0.7328693832285884,-0.9897557857408219,1.2241254358351739,-1.195878628271536,-0.1967679888175363,0.23402284521775082,0.2160303138484153,2.18494995108195,2.18494995108195,0.23402284521775082,2.18494995108195,0.5456143368891675,0.6656143368891675,-0.017992531369335513,-0.019296907135558934
0.2954668413574063,0.0772894961014497,0,0,0.21359351973520307,-1.6762168030524935,-0.06564654485957652,1.035989473385922,0.6142679680252469,0.45706491417686257,-0.40243087790166676,0.19899431016954217,0.18369490055543672,0.0772894961014497,0.0772894961014497,0.19899431016954217,0.0772894961014497,0.9495628302456348,1.0695628302456348,-0.015299409614105447,-0.014741193232034785
-0.43129547792375017,0.007408551738603499,1,1,0.4789473672925899,-1.2035741874578045,1.215004019081943,4.0258240427272645,0.6912820989229157,0.09967220754683649,-1.2978629709921605,0.008025588288630004,0.007408551738603499,0.31837520964984284,0.31837520964984284,0.007408551738603499,0.31837520964984284,5.88596728430165,6.00596728430165,-0.0006170365500265049,-0.0005486522474373355
0.06676412147288507,0.6535035567465736,1,1,4.966644735382955,2.560621933160383,-0.6374814493171534,-0.21371023394730407,-0.5346002402671326,-0.01607783452684818,1.7780160768072877,0.7079319517031515,0.6535035567465736,0.7550555362098972,0.7550555362098972,0.6535035567465736,0.7550555362098972,-0.200348877773928,-0.08034887777392802,-0.05442839495657792,-0.03172971554835579
0.08136994395373587,0.2644989621477572,1,1,6.298027887553625,-5.527462285688654,1.2471669173692341,-0.15883271646825428,-1.2082799446658605,1.337367642902413,-0.049054273461364435,0.28652830510811383,0.2644989621477572,0.5839415128377929,0.5839415128377929,0.2644989621477572,0.5839415128377929,0.5963991568834505,0.7163991568834505,-0.022029342960356635,-0.01865451642556636
-0.09169518228282378,0.14624642693091364,1,1,-5.261010895855681,9.004495683164455,-1.726500425602355,0.7124301184930362,1.0256866842334653,-2.425908404934669,-0.8245546421329034,0.15842686298792955,0.14624642693091364,0.17478363476895686,0.17478363476895686,0.14624642693091364,0.17478363476895686,-0.6611361801622853,-0.5411361801622853,-0.012180436057015909,-0.043139764230427494
-1.3191114553240175,0.07150157030639506,0,0,5.150188263593882,-1.276840575637753,-0.11045401130771397,0.7345109113086175,-0.5157465846241712,-0.8321419019739364,0.7271692496802824,0.9113784549211037,0.8413083494822664,0.07150157030639506,0.07150157030639506,0.9113784549211037,0.07150157030639506,-0.4105620245603715,-0.2905620245603715,-0.0700701054388373,-0.036503047076739306
1.2430886075978922,0.0434110964618235,1,1,10.908468800069365,-3.8296505178674556,-0.4683223733141591,0.5420546505486971,-1.1115156549745906,-1.3523330192363985,0.755269157570397,0.04702667939068355,0.0434110964618235,0.09115511976434888,0.09115511976434888,0.0434110964618235,0.09115511976434888,0.055091274448712035,0.17509127444871203,-0.0036155829288600505,-0.02676139077276196
1.0664335878643247,0.4319501863300191,0,1,-0.14080263566426066,-1.1714376755700249,0.2525199103172139,0.9224557332362071,-0.5325930009214418,-0.7951053024797451,1.3607188875409106,0.5354839270224325,0.4943139662617158,0.4319501863300191,0.4319501863300191,0.4943139662617158,0.4319501863300191,0.3645751502139576,0.4845751502139576,-0.04116996076071672,-0.02177228045935677
-1.0441890268698575,0.27761717309833667,1,1,-9.741950099791428,11.885437391986049,-1.5229587639944702,1.2514607091806247,1.3205047074823832,0.8600895142660753,-0.6878075170104481,0.3007390933819085,0.27761717309833667,0.3495442426557189,0.3495442426557189,0.27761717309833667,0.3495442426557189,0.4437288240395842,0.5637288240395841,-0.02312192028357185,-0.02065316355078537
-0.30072563218375337,0.3507444681806187,1,0,-6.7435937013113705,5.421864681303262,-0.8165238367253593,-0.21005577299819952,-1.2950396768313994,-0.9616939987535967,0.644734291509046,0.3507444681806187,0.3237779519822164,0.7811689713212903,0.7811689713212903,0.3507444681806187,0.7811689713212903,-0.4952971886025647,-0.3752971886025647,-0.02696651619840229,-0.038624463610705914
-0.22508566935421595,0.08463382185380412,1,1,-1.6003988880022133,6.930978056594473,0.6493491142241571,-1.0495748265349563,0.6761219353000746,0.4543033057398061,1.5098862545771035,0.09168272470213228,0.08463382185380412,0.1445862876885943,0.1445862876885943,0.08463382185380412,0.1445862876885943,0.4776747055433656,0.5976747055433655,-0.0070489028483281535,-0.020191019343414513
-1.1565188004995823,0.3471527037045032,1,0,6.790458548488607,-10.08014905591294,0.5691364418675215,1.058581053734378,0.47707759093021124,0.9799291096971879,-1.287117156567775,0.3471527037045032,0.3204623354819433,0.7787329298214117,0.7787329298214117,0.3471527037045032,0.7787329298214117,0.8756722529401346,0.9956722529401346,-0.02669036822255988,-0.015485532800008096
-1.8667962677622671,0.07368274940266513,0,0,-2.6099582500170975,-7.911860131144008,-0.1217444571109134,-0.038982768227529795,-0.2437499469352824,0.4438866303167256,0.634379654495751,0.7781841778669095,0.7183545350883895,0.07368274940266513,0.07368274940266513,0.7781841778669095,0.07368274940266513,-0.3261862558904093,-0.2061862558904093,-0.05982964277851999,-0.034506414221214046
-0.6705926519123361,0.16251623398420686,0,0,-4.26231676131712,-6.217797430718817,0.3922570770711484,-0.17694388122133783,-0.735730079845125,1.097186074156234,0.34973281661383504,0.19624903646451616,0.18116069352302183,0.16251623398420686,0.16251623398420686,0.19624903646451616,0.16251623398420686,0.30157006914611506,0.42157006914611506,-0.015088342941494332,-0.02270626799547143
-0.35640234025119183,0.1770341025956157,0,0,-4.068004226227633,1.535184389063585,-1.0186138583994084,-0.19368754164962376,-1.7432996777073613,0.035370614347442896,-0.19837994259859598,0.5080015203817568,0.46894450745366356,0.1770341025956157,0.1770341025956157,0.5080015203817568,0.1770341025956157,-0.15277843515601394,-0.032778435156013946,-0.03905701292809327,-0.030739239940718647
-1.441233333364019,0.16547711714378366,0,0,-8.74555748500855,-3.102888225150358,-0.5744669503553378,1.5846001898035293,-1.1561541195421123,0.7063929516823354,2.1867081609318735,0.1933049772979071,0.17844298438159556,0.16547711714378366,0.16547711714378366,0.1933049772979071,0.16547711714378366,0.2681684947044777,0.3881684947044777,-0.014861992916311545,-0.02321755621305542
0.17697776408547883,0.14504409164065352,1,0,3.993809665982777,-2.4663192448409603,1.077267903716688,-0.03153878209776703,-1.1340686394233275,-1.3620621765844554,-0.411551694957522,0.14504409164065352,0.13389257194028847,0.5172839884571806,0.5172839884571806,0.14504409164065352,0.5172839884571806,-0.09916224618003608,0.020837753819963917,-0.011151519700365042,-0.029659897664136535
1.16285630331634,0.5258366503426857,1,0,1.8670896723531551,-0.6902159337745635,-0.6870007339139083,-0.7195469089581323,-0.3263134554712441,-0.10224709288568688,0.4852119476452963,0.5258366503426857,0.4854084074605269,0.6105564734829947,0.6105564734829947,0.5258366503426857,0.6105564734829947,0.5319161115402463,0.6519161115402463,-0.040428242882158794,-0.01947393648957811
0.8421161461652679,0.1246119185099041,1,0,12.482317410795632,-4.229024368229575,-1.2377962194624292,-0.68224379613305,-0.15967208282248133,-0.19548519342326906,1.8364237074134229,0.1246119185099041,0.11503129893109185,0.6863922088186379,0.6863922088186379,0.1246119185099041,0.6863922088186379,-0.028362571657718827,0.09163742834228117,-0.009580619578812247,-0.028292481653229666
-0.1266856531587185,0.3376714268618869,1,1,3.4313801804525377,-1.9522658168650342,0.2322465927238575,-1.6135898119594245,0.4181813615867647,0.5456637227439788,-0.12512802824473812,0.36579508984283277,0.3376714268618869,1.5254897658548514,1.5254897658548514,0.3376714268618869,1.5254897658548514,1.3222780070183981,1.4422780070183983,-0.028123662980945874,-0.011497953361197312
-1.8404116965211967,0.06510413937675129,1,0,0.34187017764520755,5.700138485343421,-1.2133966744092013,1.7580546953134628,-1.0698839135812572,0.6607722064159335,0.20005052906393525,0.06510413937675129,0.060098695276112946,0.1316397357487841,0.1316397357487841,0.06510413937675129,0.1316397357487841,0.48515810204541177,0.6051581020454118,-0.005005444100638343,-0.02009053859523184
0.7157023406590477,0.015825689666753007,1,0,-0.31159553080501123,-9.988998004799637,0.60081054902977,1.70685792416733,0.5616388721410351,-0.558664227043533,1.105992275127961,0.015825689666753007,0.014608952824221774,0.2887814075821269,0.2887814075821269,0.015825689666753007,0.2887814075821269,1.1431456887070988,1.2631456887070986,-0.0012167368425312335,-0.012956409353504271
0.14639216906455813,0.07338336840633153,0,0,-5.073335098957406,3.7421323174759653,-0.6310994500441196,0.16355801139526788,-1.2930836080157901,-1.0332812273367524,0.05138667043618637,0.2512064746470345,0.23189280306483753,0.07338336840633153,0.07338336840633153,0.2512064746470345,0.07338336840633153,-0.20785613588165247,-0.08785613588165248,-0.019313671582196962,-0.03188891571115511
0.4243511092180204,0.01354300348914105,1,0,-2.1315616941395037,10.94126697011286,0.3680867085808721,-1.7023906226910304,0.49728736800066425,-0.8194289765982975,1.2796880156711665,0.01354300348914105,0.012501767899997348,0.23481668399410546,0.23481668399410546,0.01354300348914105,0.23481668399410546,0.9350644146084015,1.0550644146084016,-0.0010412355891437023,-0.014884366677735747
1.9361028003025138,0.07799831286823791,1,1,-2.42418857361009,1.9927682699036633,-0.35196442882450824,-1.1236222695499858,0.07580455795925227,-0.9162350010787254,1.2689451414331256,0.08449456363062742,0.07799831286823791,1.0969047109621735,1.0969047109621735,0.07799831286823791,1.0969047109621735,0.7026519714921738,0.8226519714921738,-0.006496250762389508,-0.01737883479324676
-0.8248116295306533,0.8713151063443821,1,0,3.0885164267196394,-4.99964778872271,0.000530207533099717,-0.1516766230932871,0.5918010189310079,-1.004947439200293,-1.2891536553285141,0.8713151063443821,0.804325217520109,0.9370330045331544,0.9370330045331544,0.8713151063443821,0.9370330045331544,-0.03148545719208978,0.08851454280791021,-0.06698988882427315,-0.02835144579914875
-2.8748159331220426,1.1573476480529619,1,1,-6.057961759839676,2.5128601624014406,0.40835157944163697,-1.099670708008809,-1.1000101537494567,0.8367560312208876,0.5250641099839399,1.253739739939803,1.1573476480529619,1.2964851972290614,1.2964851972290614,1.1573476480529619,1.2964851972290614,0.0037407912614120242,0.12374079126141202,-0.09639209188684106,-0.02769339290464392
-1.053454577809757,0.9058690980597356,1,1,3.23219356621702,-9.062460569896729,-1.2538295424529113,-0.6191360429413364,-0.90373155594632,1.7763192980405802,0.9060104275706085,0.9813162789344904,0.9058690980597356,1.3403033017383732,1.3403033017383732,0.9058690980597356,1.3403033017383732,0.007851706656015173,0.12785170665601517,-0.07544718087475477,-0.027617600014656015
0.4860450682678211,0.14683991316548156,0,1,0.9928822729136767,1.402392787432992,-0.420844846005274,0.5761946893434926,-1.3561861859308293,-0.6726461511894929,0.10486326594188623,0.3102030121976659,0.28635347125803834,0.14683991316548156,0.14683991316548156,0.28635347125803834,0.14683991316548156,0.15103583598169062,0.2710358359816906,-0.023849540939627545,-0.025103246112422543
0.026925901748040507,0.19075131865258793,1,0,-1.4161414710128895,-7.780131814223026,0.45223074914591294,-0.09745912551344407,0.24801351071422595,0.07833645995312626,-0.16357740202231738,0.19075131865258793,0.1760856603430099,0.2130604282625028,0.2130604282625028,0.19075131865258793,0.2130604282625028,0.36122404068656755,0.48122404068656754,-0.014665658309578028,-0.02182097569778264
-1.2156361295986817,0.32882963639689633,1,0,-7.091662260360568,-15.795395087980644,-0.2961455921908937,-0.4262648726777842,0.23193750862858806,0.41081558919945615,0.19835916731883396,0.32882963639689633,0.3035480125343489,0.34120021856682736,0.34120021856682736,0.32882963639689633,0.34120021856682736,-0.019581141986882156,0.10041885801311784,-0.025281623862547453,-0.02812733324604254
-1.4197173831764305,0.1659061732804296,1,1,-0.0984129959009028,-3.90801243632312,-1.1785970500010596,-0.9989278511431876,0.39888180594806727,1.4716733006708778,0.15241546155875524,0.17972401196213011,0.1659061732804296,0.7754718591158144,0.7754718591158144,0.1659061732804296,0.7754718591158144,0.25817647646261566,0.37817647646261565,-0.013817838681700528,-0.02337273264463195
-0.35460901581739546,0.09554294309046202,0,0,-2.091920615880818,-9.88714135665248,-0.4116684124769942,0.22434045544277556,-1.1368214225134285,1.3089431565364635,0.1865941445080283,0.26875175771629545,0.24808914066805302,0.09554294309046202,0.09554294309046202,0.26875175771629545,0.09554294309046202,0.3726097019601656,0.49260970196016557,-0.020662617048242432,-0.02165597189052008
-1.2460946698818056,0.33779444324941005,0,1,2.188143359335375,-2.2566833374761908,-0.6694572132105483,-0.16679546609287513,-0.5270362320636157,1.3116699768168338,-0.20224008944705912,0.7917273351682309,0.7308564449749247,0.33779444324941005,0.33779444324941005,0.7308564449749247,0.33779444324941005,0.12541459170983532,0.24541459170983532,-0.06087089019330616,-0.02553571331432587
0.5206334182545254,0.005424040861613861,0,1,-3.073460458860926,9.18244204788425,0.15536574611559287,0.5737264566512917,-0.7407666037645421,0.19370946613515708,0.2744355693942098,0.3719309228952456,0.34333551465126866,0.005424040861613861,0.005424040861613861,0.34333551465126866,0.005424040861613861,0.5055474748339597,0.6255474748339597,-0.02859540824397694,-0.01981929726450598
-0.41142688862626897,0.01852273577569229,1,0,2.5392794134213275,13.125507710668376,-1.5540788210206211,0.25269648877761,-0.04576206494313917,0.12996629211599667,0.03562971349056658,0.01852273577569229,0.017098640174342095,0.1320461945804124,0.1320461945804124,0.01852273577569229,0.1320461945804124,-0.29715819195274157,-0.17715819195274157,-0.0014240956013501956,-0.03384506449598128
-0.6271178843317118,0.155121819277656,0,0,6.197708533898109,0.364792176547713,0.25916987295008204,1.337343225676158,-1.1795074120851095,-0.3421523355004201,0.6666186289628364,0.3228345949214405,0.29801389175108967,0.155121819277656,0.155121819277656,0.3228345949214405,0.155121819277656,0.3813675908747031,0.5013675908747031,-0.024820703170350844,-0.021529899892742222
-0.7582764029230066,0.36442963422827984,1,0,0.9243085317480499,5.09864257247883,0.48092586772791107,0.45940555334208416,2.7535772156733374,0.6141355241167059,1.1309377962550249,0.36442963422827984,0.33641095246382774,1.9291913077394678,1.9291913077394678,0.36442963422827984,1.9291913077394678,0.25716950320187354,0.37716950320187353,-0.028018681764452102,-0.02338842839031029
0.2631227265805943,0.16379259725794137,0,1,4.557359093653096,3.1804938584663587,-0.30707205885250843,-0.9929123738972822,-0.3143174292336339,0.7119601713434042,0.4068278548291754,0.3711638182556887,0.3426273878191047,0.16379259725794137,0.16379259725794137,0.3426273878191047,0.16379259725794137,0.7427995742637687,0.8627995742637687,-0.028536430436584048,-0.016919858751262982
0.042609223760035765,0.02066597259484981,1,0,2.9692976216910925,-2.539681603765608,0.4032513705988798,-0.21434438679712778,-0.37380261881297533,-0.17985724429327782,0.7244754501652129,0.02066597259484981,0.019077097116284098,0.7427185627899977,0.7427185627899977,0.02066597259484981,0.7427185627899977,0.0970038583369422,0.2170038583369422,-0.0015888754785657114,-0.026023981632856193
0.2019572698625939,0.35641223140765926,1,1,10.110043904161088,-13.927695104695742,0.8407274281704181,-1.0062416496712276,0.7623425594314492,-0.6507212307562297,0.46892165184105333,0.38609676104509194,0.35641223140765926,0.877213847804458,0.877213847804458,0.35641223140765926,0.877213847804458,0.4367483427237378,0.5567483427237379,-0.029684529637432677,-0.020749500217212162
0.18012944380581153,0.11600975684218956,1,0,1.458191027468417,12.38548046762654,-0.19196574246248815,1.5657885492389845,-0.4180746289811456,0.17861184089478324,0.6065931575594277,0.11600975684218956,0.10709050288136404,0.2506014432290804,0.2506014432290804,0.11600975684218956,0.2506014432290804,1.025831414594542,1.145831414594542,-0.008919253960825518,-0.014010402824202208
-0.07219553659670648,0.5380089075905867,0,0,3.3294430303829894,-7.450192687105771,-0.8739588501228821,-0.07285705542694518,-0.2665848846231373,-0.5138134834059732,-0.4397230014832396,0.8919420394769816,0.8233662766706357,0.5380089075905867,0.5380089075905867,0.8919420394769816,0.5380089075905867,-0.04950260357211872,0.07049739642788128,-0.06857576280634592,-0.02869404064001598
-1.0331305834580906,0.5304615194264122,1,1,-2.0921848034206354,8.081301316429148,1.1120145981367944,-0.5985507347603333,0.5664078826716058,0.31459500203114427,-1.3969801157751758,0.5746421038938412,0.5304615194264122,1.4810218410615996,1.4810218410615996,0.5304615194264122,1.4810218410615996,0.45388201480663204,0.573882014806632,-0.04418058446742901,-0.02051383860732795
-0.7303801267312622,0.11780748733151894,1,1,-4.01056969290469,2.753994927986545,0.5191694384264413,-1.4135132097576943,0.6280918281651601,-0.5071916431308481,0.008367253256452208,0.127619327501516,0.11780748733151894,1.855200352821442,1.855200352821442,0.11780748733151894,1.855200352821442,0.6140837812515153,0.7340837812515153,-0.00981184016999706,-0.01843587574040903
-0.3946749051389369,0.16554214957901145,0,0,-5.902145184180369,-7.68548981890921,-1.2942799496263389,0.12238232360481602,0.9269504179706196,-0.8069654280226208,-0.607167086144011,0.28788468241718285,0.2657510562136268,0.16554214957901145,0.16554214957901145,0.28788468241718285,0.16554214957901145,-0.2965975653308447,-0.1765975653308447,-0.022133626203556023,-0.03383241723014227
2.065195238088322,0.08866855179860854,1,0,7.924054427010081,5.453303906920143,0.45462102356748946,0.47961832364693924,-2.4341792984085067,2.0154063637827733,0.5285534835483313,0.08866855179860854,0.08185138957572566,0.08890827281861767,0.08890827281861767,0.08866855179860854,0.08890827281861767,1.3064268490127549,1.426426849012755,-0.00681716222288288,-0.011620101538165433
-1.3488363204168115,0.05013931129767151,0,1,-7.789172326821193,13.965077029188386,0.6969186624529615,-0.14354044666201693,-1.8553535085522448,0.67472206125024,-0.5651880282308862,0.4871012520645579,0.4496511281261904,0.05013931129767151,0.05013931129767151,0.4496511281261904,0.05013931129767151,0.0866618689504105,0.2066618689504105,-0.0374501239383675,-0.0262040280937184
-0.4189765033168905,0.02831943483220306,1,0,3.4149916632415995,10.885396230726817,0.5439316941833399,-0.21880107026272877,0.2380393791163774,-0.7749963814092447,0.8643889426789316,0.02831943483220306,0.026142133214037716,0.22366814765129192,0.22366814765129192,0.02831943483220306,0.22366814765129192,-0.2128532983946604,-0.09285329839466042,-0.002177301618165345,-0.031995328930234136
0.09826706011048876,0.06985824277606734,1,0,2.202068468962446,-4.913022229450103,-1.1883790394576719,2.24556942533919,2.237948634987012,1.6326995854665105,1.2754789857745101,0.06985824277606734,0.06448728583643387,0.3359698315404985,0.3359698315404985,0.06985824277606734,0.3359698315404985,2.0774534327081238,2.197453432708124,-0.005370956939633464,-0.006949840899429315
-0.30333275327249254,0.040299550437349535,1,1,4.218848685889925,-4.894341196303253,-0.08454835823364099,1.1665467057472083,-0.09617649827612768,-1.553517542245307,1.503201414030688,0.04365598182189547,0.040299550437349535,0.17539744759357612,0.17539744759357612,0.040299550437349535,0.17539744759357612,-0.1535002014258784,-0.033500201425878395,-0.0033564313845459368,-0.030754034530878955
1.0739695414377377,0.1698095231312495,0,0,-1.9590873264374145,2.8425081055354053,1.1288244629225053,-0.031339107655435385,-1.2251842573311502,-0.5862006765789738,-1.8211455848875098,0.3867227220717341,0.3569900662635536,0.1698095231312495,0.1698095231312495,0.3867227220717341,0.1698095231312495,0.6422195715649077,0.7622195715649077,-0.029732655808180464,-0.018093293436548585
-0.30849793050286634,0.18372054718966316,1,0,-3.9998831003583435,-1.6296183108585875,0.9450808526179771,-1.6033089668641802,0.28683087014667635,-0.8436933477796882,-1.4267034449994767,0.18372054718966316,0.16959544027787538,1.1101055712230945,1.1101055712230945,0.18372054718966316,1.1101055712230945,1.0657295124747628,1.1857295124747629,-0.014125106911787783,-0.013642656351543216
-0.2345413991506094,0.03350748827224794,0,1,1.7660602601311526,8.612397462780251,0.2383550932785717,-0.3337993853120314,0.8381891054253677,-1.267605268728707,-0.7573146454738222,0.4116785514470185,0.38002720029751436,0.03350748827224794,0.03350748827224794,0.38002720029751436,0.03350748827224794,0.044459233460080655,0.16445923346008065,-0.031651351149504126,-0.02695175008085085
0.8146285136163173,0.04625054338655335,1,0,1.4799266285845452,5.3086279694290575,-2.3876422084908913,-2.1843466823279227,1.7981924099785127,2.083598244099669,0.09272620522395288,0.04625054338655335,0.04269463262939171,0.1044256131428964,0.1044256131428964,0.04625054338655335,0.1044256131428964,1.966466773365544,2.086466773365544,-0.0035559107571616413,-0.007483569420168196
1.8107116629183762,0.12286466174627518,1,0,-2.4061471730262927,-9.748756050174816,-0.8238287659065117,-0.298448925490107,0.8735742024863639,-0.5143890198220461,0.2376338670416892,0.12286466174627518,0.1134183776512514,0.8693199499964658,0.8693199499964658,0.12286466174627518,0.8693199499964658,0.5358833005584781,0.6558833005584781,-0.00944628409502378,-0.019422500014312137
1.407498373948328,0.08142401337839712,0,0,11.06382296510786,5.493737804141735,-0.01275605048124964,-0.568812670082858,-0.5261927459918712,0.29332087168550824,-0.9768881363874414,0.16176875789527592,0.14933138474779134,0.08142401337839712,0.08142401337839712,0.16176875789527592,0.08142401337839712,1.030035684555659,1.1500356845556592,-0.012437373147484582,-0.013971188794838087
-0.13665388410914364,0.5692411963789079,1,1,-4.160644031523942,-2.204590789403163,0.45172934562351613,-0.47157895964918195,0.12736730464823023,1.3839625661685588,-0.16819204522695244,0.6166516264250925,0.5692411963789079,1.3091211572849062,1.3091211572849062,0.5692411963789079,1.3091211572849062,0.768038894107062,0.888038894107062,-0.047410430046184615,-0.01663754340994012
-0.04951421173240328,0.15882298388179097,0,1,-3.7201436229719533,0.34934663020714757,0.9198043401919923,-1.7920328558838285,-0.4703630136405947,0.027688621076072818,1.923330679206459,0.3062896380270059,0.2827409715915748,0.15882298388179097,0.15882298388179097,0.2827409715915748,0.15882298388179097,0.9553159568652916,1.0753159568652917,-0.023548666435431076,-0.01468476288406421
0.046719244784203945,0.33845541456803563,0,1,-0.10018615884841564,1.8531879030806133,-1.9599520832598905,-0.09620986189277686,1.456688850916263,-0.785020405266872,-0.21283881042567027,1.1558874701725566,1.0670186182997818,0.33845541456803563,0.33845541456803563,1.0670186182997818,0.33845541456803563,-0.49632053777847696,-0.37632053777847696,-0.08886885187277471,-0.03865082347680328
0.14699940846258552,0.09786069461449572,1,0,6.867273093632544,8.306742915381653,0.3317389850555395,0.18450855372278024,1.5657704754544142,0.44847381007323184,1.3277728955142192,0.09786069461449572,0.09033680686739162,1.2796400104094845,1.2796400104094845,0.09786069461449572,1.2796400104094845,0.3163370305233054,0.4363370305233054,-0.007523887747104094,-0.02248382964978614
-0.8473481143478149,0.2562497544322739,0,0,-10.880710795129978,6.5288600039921425,-0.3600083573099114,-0.7405254112502966,-0.22572319301963548,-1.1591030933676016,0.48351169621009515,0.5827274531767662,0.5379252375157257,0.2562497544322739,0.2562497544322739,0.5827274531767662,0.2562497544322739,-0.35035049974995947,-0.23035049974995947,-0.04480221566104048,-0.03506679678117092
0.9365937988554389,0.5079359933598483,0,0,7.992663637657914,-3.749313240277563,-0.3858781127552457,-0.6717888999774754,0.4986584096210017,-1.1437157779742886,0.7705022138557944,0.5859743121274514,0.540922466087515,0.5079359933598483,0.5079359933598483,0.5859743121274514,0.5079359933598483,0.18702576766607204,0.30702576766607204,-0.045051846039936394,-0.02450810495109909
0.20660912772278656,0.23671999859929246,1,0,-4.605722845361808,-0.16255639347697876,-0.4783373884913608,1.159096444094184,-0.39273757822956723,0.6319096665579241,0.17956237377290588,0.23671999859929246,0.21852010022362836,0.7415721964604302,0.7415721964604302,0.23671999859929246,0.7415721964604302,0.8241482190848075,0.9441482190848075,-0.018199898375664103,-0.016026691903391257
-0.04485618881531375,0.11149453151732328,0,0,0.2743024221357159,-3.236686452266271,0.7439018737144868,0.10994689214762728,-1.6633974123432438,1.008793539242132,-0.08768292245790726,0.5411051959843222,0.49950305152787194,0.11149453151732328,0.11149453151732328,0.5411051959843222,0.11149453151732328,0.48686146273863495,0.606861462738635,-0.04160214445645022,-0.020067737254818543
-1.2711453765590728,0.03971625946204031,1,0,-5.436031761208744,-13.62465150248416,0.789516077354813,0.6902464768688565,-0.7732964810113417,-0.9147954051752969,0.655355101449004,0.03971625946204031,0.036662728326742305,0.20078361969990863,0.20078361969990863,0.03971625946204031,0.20078361969990863,-0.38123118935616185,-0.26123118935616185,-0.003053531135298007,-0.0357962037944319
0.06228620849061246,0.24836319459137898,1,1,9.156192472763848,-1.0019297746846592,-0.3032490294105138,0.936429279466497,-0.17820094286302327,1.0234097774482882,0.4233044842091017,0.2690486367872801,0.24836319459137898,0.284354574347032,0.284354574347032,0.24836319459137898,0.284354574347032,0.7390953144311851,0.8590953144311851,-0.0206854421959011,-0.016961694088418564
-1.8932123032208052,0.05621502594599597,1,1,-2.325351577555172,10.099508093624344,0.2879749937141485,-0.3740111987402744,0.2324276140615166,1.1928527149527093,-0.05421545866331975,0.06089701061630969,0.05621502594599597,0.3566213437250707,0.3566213437250707,0.05621502594599597,0.3566213437250707,0.1538013531719942,0.27380135317199417,-0.004681984670313721,-0.025057006445281055
-0.581649344032232,0.16077513910152152,1,0,-4.267064330779049,-14.202680536080528,0.5311744436838554,0.046360076249706055,0.12460404274542186,1.7234107569382986,1.2017300310395511,0.16077513910152152,0.14841415899719967,1.8633839110061916,1.8633839110061916,0.16077513910152152,1.8633839110061916,0.40395564770431236,0.5239556477043124,-0.01236098010432185,-0.021208116393259986
-0.5630977064791987,0.2854304834357021,1,0,-2.4561063612994696,-0.6748165466417805,0.07940381519571835,0.2144540879360341,-0.7018705035509689,-0.17297154626495317,0.309397787548615,0.2854304834357021,0.26348554501653654,0.6273552656504451,0.6273552656504451,0.2854304834357021,0.6273552656504451,-0.05772465523471926,0.06227534476528074,-0.02194493841916556,-0.028851755080259292
0.28699519308761895,0.1457446581026608,0,1,-0.19882925564181675,-0.04633879535238217,0.8506135895691279,0.749220896910919,-1.1092590559045103,0.9769827306786314,-0.08877367937755289,0.19369659974458425,0.17880449746373517,0.1457446581026608,0.1457446581026608,0.17880449746373517,0.1457446581026608,0.79122916251049,0.91122916251049,-0.014892102280849084,-0.01638230213357506
1.8798500249452958,0.08263843412562623,1,1,3.927607612660936,4.434794732167699,-0.9869913556775379,1.3363847374319215,1.463278996737953,0.2637469823406603,0.7087936019052349,0.08952114698119987,0.08263843412562623,0.3925151918138682,0.3925151918138682,0.08263843412562623,0.3925151918138682,1.2643028034864312,1.384302803486431,-0.006882712855573639,-0.01195105054976083
0.5719074656654372,0.14976606251261879,1,1,3.323846573048715,-5.872608628499725,0.767449208744432,1.395772152812251,0.7280685254317251,-1.3276882774385688,2.0098077489711277,0.16223963869651936,0.14976606251261879,0.45728127402299573,0.45728127402299573,0.14976606251261879,0.45728127402299573,0.37668508697754854,0.49668508697754854,-0.012473576183900575,-0.021597214131241903
1.4484020726356133,0.04073455597293803,0,1,1.6558224725719286,-8.25233626392816,1.065656889480043,-0.5095242052727647,-1.0296250723574096,0.5048134304040838,-0.27826003836757923,0.6073418275456686,0.5606471688517398,0.04073455597293803,0.04073455597293803,0.5606471688517398,0.04073455597293803,0.8896477405443298,1.0096477405443298,-0.04669465869392875,-0.01534192425752541
0.6452121731035768,0.0670199936294774,1,1,-5.819619864369206,-8.485499210097775,0.3299953539989592,0.7434068412782634,-0.5664418879967954,-1.1161079926843374,0.38581846787197815,0.07260189237447097,0.0670199936294774,0.09861576120103901,0.09861576120103901,0.0670199936294774,0.09861576120103901,0.22407603312311464,0.34407603312311463,-0.005581898744993569,-0.023910165427470296
1.1250534896876154,0.22621533652078726,0,0,0.027484738765354066,12.166267074794382,-0.5333878552769735,0.14609578573239815,-1.3433264369622646,-0.2521827244746376,0.7149518910399967,0.341023039710447,0.31480394245117244,0.22621533652078726,0.22621533652078726,0.341023039710447,0.22621533652078726,0.23904348114512664,0.35904348114512663,-0.02621909725927457,-0.0236727690311121
1.857127352943106,0.21518539024168104,1,1,5.737436701225311,-4.048631325288847,0.6059325076467968,-0.7883579708732686,-1.1682643693180517,0.01576368975179213,0.5610327970194089,0.2331075504014023,0.21518539024168104,0.2578959848182294,0.2578959848182294,0.21518539024168104,0.2578959848182294,0.8496615506901737,0.9696615506901737,-0.017922160159721257,-0.015756400891040436
-0.7318368323022549,0.13062200782329844,0,1,-4.289770999524671,-5.54155674225672,0.405175140192551,-0.5121598443613099,0.2978244424866034,1.5023554712759948,0.20514468730902757,0.2545818364565001,0.23500865472612442,0.13062200782329844,0.13062200782329844,0.23500865472612442,0.13062200782329844,0.5723457175966349,0.6923457175966349,-0.0195731817303757,-0.018956064572748583
-0.7971044341315033,0.17444697096034467,0,0,3.142433267006412,14.20562807731456,-1.63314793581862,0.2032003381006422,2.043956971212609,-1.2873908131155956,0.029724661829022104,0.3512530146932915,0.32424739958096255,0.17444697096034467,0.17444697096034467,0.3512530146932915,0.17444697096034467,-0.7781264155094011,-0.6581264155094011,-0.027005615112328962,-0.04663907298863966
0.6688109004773214,0.23474967288446993,1,0,1.0336171471353304,-4.913064436861877,-0.2263354330321344,0.09588295927506402,0.19425215315377178,1.1399719860629245,0.0847832864008106,0.23474967288446993,0.21670126034856976,0.8767192131236566,0.8767192131236566,0.23474967288446993,0.8767192131236566,0.7772932598754827,0.8972932598754827,-0.01804841253590017,-0.01653521279470843
-0.00367845406224581,0.31556061166481114,1,0,-1.884591001531549,2.6998428126849805,1.277259557212047,-0.1176556587864825,-0.3501367739746331,-0.6691829830386058,-1.8170870291201529,0.31556061166481114,0.2912991589035524,0.3509236180016615,0.3509236180016615,0.31556061166481114,0.3509236180016615,0.339491770305679,0.459491770305679,-0.02426145276125874,-0.022139423219200597
0.22035383280696072,0.1966332940545091,1,0,4.928933361734684,7.6819672597956234,0.2757814119258398,2.0540002884718427,0.4582354772858612,0.6867473541616795,-0.41303132501445505,0.1966332940545091,0.18151540798556745,0.37567275654663,0.37567275654663,0.1966332940545091,0.37567275654663,2.079426559835915,2.1994265598359153,-0.015117886068941655,-0.006940704963126238
-0.24866689210736065,0.18823412756937896,1,1,-8.459939902465816,5.809920987034237,-0.2443333912736707,0.9846414883332621,2.0086936402898203,1.4879479357968197,0.805244629728022,0.2039115960909866,0.18823412756937896,1.228417774710323,1.228417774710323,0.18823412756937896,1.228417774710323,0.8777397038595238,0.9977397038595238,-0.015677468521607646,-0.015464203782933596
-0.5962587170247173,0.568101253439742,0,0,-4.547461351435048,-9.85918962026863,0.03515057939050897,0.2097189142673235,-0.7535073194282543,-1.448167521302657,-1.126798357759941,0.6981095328862164,0.6444363213756051,0.568101253439742,0.568101253439742,0.6981095328862164,0.568101253439742,-0.19319606882974016,-0.07319606882974017,-0.05367321151061122,-0.03157877133065157
1.6207646687750252,0.06557354812844098,1,1,7.897427275831303,-2.2768087538012454,0.0498000345219375,-0.2919922614266772,-1.4694417047196846,-0.037323379049736136,-0.31843032446594494,0.07103497666910161,0.06557354812844098,0.16683110588668057,0.16683110588668057,0.06557354812844098,0.16683110588668057,0.7343136987359722,0.8543136987359722,-0.005461428540660632,-0.017015849895091063
-1.0998611138199144,0.2614801720129981,0,0,7.851054759106217,1.1017626955124673,-1.1728488552840803,-0.3701790106200705,-0.3209530007163442,-0.6166371399244667,0.9266701647759397,0.6987258930095473,0.6450052934807127,0.2614801720129981,0.2614801720129981,0.6987258930095473,0.2614801720129981,-0.7458587358622253,-0.6258587358622253,-0.05372059952883468,-0.04564649752333212
0.6863922592415442,0.021594795168443218,1,0,13.353849132138306,15.329693137977376,-1.902901562093312,-1.9857989907109712,0.0032857844490918387,0.09612718939230591,0.40421513601897335,0.021594795168443218,0.01993450841686108,0.11572527650928567,0.11572527650928567,0.021594795168443218,0.11572527650928567,1.1576120243728805,1.2776120243728806,-0.0016602867515821372,-0.01283205545462023
0.5242282857304499,0.18438648521104917,1,0,2.1656631426657764,-4.5058675777488535,-0.5389735082790941,-0.9179238050923317,-0.007316132694947453,-0.44157813534799617,1.5510714046556944,0.18438648521104917,0.17021017855109716,0.7578979211677237,0.7578979211677237,0.18438648521104917,0.7578979211677237,0.19149459521496204,0.31149459521496203,-0.01417630665995201,-0.024435198610593845
-1.579013297570244,0.19340619109721158,1,1,0.858178335084602,-6.777321332414891,-0.3242272499251918,-0.053185151717077925,2.4754181395979424,-0.19476022673068688,0.5561568651990907,0.20951442562388098,0.19340619109721158,1.1777888265479108,1.1777888265479108,0.19340619109721158,1.1777888265479108,-0.30469682950172816,-0.18469682950172817,-0.0161082345266694,-0.03401558976248114
-0.8307803299935937,0.044027473881364326,1,1,2.2690267730892413,1.6078842917424032,0.646309433386353,0.7314016437182146,0.28948726541125236,0.19384079441050964,0.10033428983711615,0.04769439307807898,0.044027473881364326,0.961978021117815,0.961978021117815,0.044027473881364326,0.961978021117815,0.2649497059418028,0.3849497059418028,-0.003666919196714656,-0.02326743131241039
-0.6626905609498676,0.36184010529011595,1,1,5.540034844672277,2.3773315766651293,-0.5759939022337732,0.32551880283926843,2.028645837424592,1.2106819089635574,0.3039180222246367,0.39197670662692796,0.36184010529011595,1.1016785092446277,1.1016785092446277,0.36184010529011595,1.1016785092446277,0.3891612457709353,0.5091612457709354,-0.030136601336812008,-0.021418325594463022
0.5645841133165913,0.1598668999136291,1,1,2.78240154107593,5.535185910423594,0.8558297981059901,-0.8691759087306522,-0.26051215419971874,0.9478498441840553,1.4871671934581916,0.17318174522572136,0.1598668999136291,1.5370615605670614,1.5370615605670614,0.1598668999136291,1.5370615605670614,0.6880819661651039,0.8080819661651039,-0.01331484531209226,-0.01754846376825683
-0.367035105930551,0.05883793843990747,0,0,5.495590494398539,-7.460689801330828,-0.770866172095378,-0.48358830942315717,2.1813757938785363,0.09626124976897246,1.8233619727003787,0.9494328030652599,0.8764369403052249,0.05883793843990747,0.05883793843990747,0.9494328030652599,0.05883793843990747,-0.13317036558100295,-0.013170365581002957,-0.072995862760035,-0.030340030099881714
-0.08558980661080533,0.5793790752317763,1,0,2.111671887413713,-4.258156811378923,0.20685731727579246,0.2461802823254352,-0.30549088765989746,0.9425551415102287,1.3577775503039997,0.5793790752317763,0.5348342951008251,1.0647857335251223,1.0647857335251223,0.5793790752317763,1.0647857335251223,0.2750059078389253,0.3950059078389253,-0.0445447801309512,-0.02311196503684977
-1.4576473569847277,0.3040715065102528,0,0,0.8127833738823029,-0.8263822363423834,-1.035002230140867,-0.35245055222043675,0.9150785243742204,-0.1295486377843279,-0.4933854685332102,0.49691108433562925,0.4587067446509275,0.3040715065102528,0.3040715065102528,0.49691108433562925,0.3040715065102528,-0.3219063932060854,-0.2019063932060854,-0.03820433968470177,-0.03440809940282313
2.325911716715314,0.07504714534216543,1,0,-2.18941526385736,12.70583740573411,1.0095421538694018,1.103453204712511,-0.4496420906721386,0.2123665279879456,-1.208474795904233,0.07504714534216543,0.06927724661500659,0.1834335429571386,0.1834335429571386,0.07504714534216543,0.1834335429571386,1.5476612967505112,1.6676612967505111,-0.0057698987271588426,-0.009893851706334732
0.07119561873949704,0.13576559265306679,1,0,-1.3687029480628723,-1.2089090121495922,-0.895480910478699,0.12416523213337996,0.03140678757984353,-0.9668760917306345,-0.7159739247255754,0.13576559265306679,0.12532743785491526,0.31054150297008587,0.31054150297008587,0.13576559265306679,0.31054150297008587,-0.07043621601505204,0.04956378398494796,-0.010438154798151522,-0.029097294566391294
0.49900089729694386,0.041489778380332805,0,1,-2.7219905037751166,1.74345789569117,-1.0650443699555594,0.4550598569132106,-1.9676391966919,-1.0115772295601961,-1.862941547832321,0.4397366562436908,0.40592809548395187,0.041489778380332805,0.041489778380332805,0.40592809548395187,0.041489778380332805,0.16615260586404274,0.28615260586404273,-0.033808560759738926,-0.024851529958045515
-0.5406254885652224,0.06914715767207841,1,0,-5.516003533600744,-9.025899442507615,0.4190206038579806,-1.8027335500547015,0.03172919853554027,1.6395240157474233,1.6734339812709018,0.06914715767207841,0.06383087155326964,0.1446811698063013,0.1446811698063013,0.06914715767207841,0.1446811698063013,1.3912124493383544,1.5112124493383545,-0.005316286118808772,-0.010981507876887137
-0.6526273270678512,0.6412382438674523,0,1,-8.675990516686962,13.747652694395935,-1.8059075691788211,0.2984096016309557,-0.9889712963804547,-1.193136035710258,-0.11346995439007401,0.9703634056450151,0.8957583216863192,0.6412382438674523,0.6412382438674523,0.8957583216863192,0.6412382438674523,-0.927309865688942,-0.807309865688942,-0.07460508395869592,-0.05151609583945167
1.9126846549535315,0.02300973501022804,0,0,-0.8069022993479711,3.7495068521967525,1.2282911569331254,0.5996588742203581,-0.7151409284828807,0.7050339974100025,-2.2437083318816793,0.45050102824542687,0.415864863237341,0.02300973501022804,0.02300973501022804,0.45050102824542687,0.02300973501022804,1.4522235495118567,1.5722235495118566,-0.03463616500808586,-0.010543807167997696
-1.916721607006629,0.9986589817460318,1,0,-3.5912911467511366,5.149055320091572,-0.7529457984332404,-0.8238915447012507,0.07832069173893116,-0.20282796365999967,-0.14147109361988489,0.9986589817460318,0.921878430515595,1.4467400701234205,1.4467400701234205,0.9986589817460318,1.4467400701234205,-0.3038744359968793,-0.1838744359968793,-0.07678055123043681,-0.03399694540722422
0.27864706843077663,0.14220766522518533,0,1,0.9789870888344749,0.37558515812149446,-0.17471953010613864,0.022407240989087,0.5401309669582237,0.14933102610238283,-0.2843518166045584,0.19561435818927358,0.1805748116324489,0.14220766522518533,0.14220766522518533,0.1805748116324489,0.14220766522518533,0.4478437123380218,0.5678437123380218,-0.015039546556824684,-0.0205965842181316
-1.2115038911078932,0.3159660108055216,1,1,0.6333210819791737,-0.917708606254929,0.40174827980478217,0.8261235436527639,-0.5560258907226293,-0.059402730672675784,1.1619065630465863,0.34228189333046777,0.3159660108055216,2.1315228666821646,2.1315228666821646,0.3159660108055216,2.1315228666821646,-0.12454793971002193,-0.004547939710021931,-0.026315882524946155,-0.030166127293114197
-0.4050011543970049,0.14477470133588463,0,0,-0.8959932388266263,-10.909384729673048,-1.1027606772673566,1.8047021962559437,-1.3391549747395755,-0.3453646112047366,-0.950189996876012,0.2562009911828089,0.2365033229213093,0.14477470133588463,0.14477470133588463,0.2562009911828089,0.14477470133588463,0.9365689084483939,1.0565689084483938,-0.01969766826149963,-0.014869445203422814
-0.6380944676740209,0.32314410086908174,0,1,-2.502458147970504,-16.63166786793856,2.187926996869377,-0.5033500288471519,-0.5008411565285328,-0.37074873993991914,0.09560280789395026,1.4062097641996878,1.2980952197812283,0.32314410086908174,0.32314410086908174,1.2980952197812283,0.32314410086908174,-0.27063802097068346,-0.15063802097068346,-0.10811454441845947,-0.03325193861453447
-0.9859776834192479,0.09557578807684226,0,0,-6.738306454929196,9.041502728300937,-0.32844177890451104,-0.1328868046223994,-3.5292099530237375,0.05715983600182728,0.017806621486644806,0.33653193915240814,0.31065813411278065,0.09557578807684226,0.09557578807684226,0.33653193915240814,0.09557578807684226,-0.3106832827347005,-0.19068328273470053,-0.025873805039627495,-0.034151616178727175
0.03544172970632749,0.05847932993539869,1,0,2.8412056758562336,0.22383406618170254,1.0385687974123936,1.309060948279402,-0.18770806139179752,0.8162290816739554,-1.1015687804448064,0.05847932993539869,0.05398322538910386,0.06364602592510213,0.06364602592510213,0.05847932993539869,0.06364602592510213,1.2815950937981984,1.4015950937981985,-0.00449610454629483,-0.011814067625905726
-2.5680291473060657,1.1256879136946427,1,1,-4.087551683165468,-1.8216236380383408,0.7673423426961045,-0.5724757991345769,-1.1846974681300548,-0.1855886782040505,1.4004724471977792,1.2194431591434112,1.1256879136946427,1.6624792514620763,1.6624792514620763,1.1256879136946427,1.6624792514620763,-0.6861113235203202,-0.5661113235203202,-0.09375524544876845,-0.043864058479382295
-0.31548848191869727,0.05617970754395536,0,1,-3.876059918159545,-9.836772524904376,0.1810055367308467,1.49648814767838,-0.7487327138158041,1.04785110454799,-0.6521600372369454,0.07558651976817514,0.06977515196447906,0.05617970754395536,0.05617970754395536,0.06977515196447906,0.05617970754395536,1.3147198432283957,1.4347198432283959,-0.00581136780369608,-0.01155603517877547
-0.0902899753499751,0.1553714831911303,1,1,-1.2813993794359904,-7.1810225399145615,0.22532867148920316,0.216682828659415,0.6614917339241726,0.25074061991132746,-0.7391845378218174,0.16831191842642867,0.1553714831911303,0.550213252919712,0.550213252919712,0.1553714831911303,0.550213252919712,0.5106827351371609,0.6306827351371609,-0.012940435235298364,-0.01975156177679712
-1.3592765464060126,0.2620634444559749,1,1,-6.1377915349538466,6.727154634823179,0.8803069520925639,1.7316565943253943,-0.5838034222561184,-1.8352320764450323,0.4993195683537887,0.2838899402895125,0.2620634444559749,0.70822049983558,0.70822049983558,0.2620634444559749,0.70822049983558,0.20685963060975476,0.32685963060975476,-0.021826495833537574,-0.02418617773184621
1.5132187214493837,0.5099212916030056,1,1,0.02576618080069215,15.056574801444626,-0.33118039405214905,-0.13110285595529653,0.556177755731012,-0.4563924298255985,-0.2688519713436714,0.5523911407256473,0.5099212916030056,1.957979062546432,1.957979062546432,0.5099212916030056,1.957979062546432,0.6241992301843309,0.7441992301843309,-0.042469849122641734,-0.018311969226926347
-0.5944583747973149,0.044956881426306224,1,1,-4.361898235528882,-4.984338510005006,-0.10011951693658637,1.4697539379850162,0.030069604113581585,-1.2356735808149601,-1.1958784811411152,0.048701208252114075,0.044956881426306224,0.462976400903476,0.462976400903476,0.044956881426306224,0.462976400903476,0.626732736806798,0.746732736806798,-0.003744326825807852,-0.018281066334962095
-0.237484242464837,0.2039070203761013,1,1,-1.6031173791506197,4.9002023333098546,0.13922992165960119,-1.129428000690979,-1.5623034869241608,0.6355359909340106,0.6844984028686446,0.2208898381815648,0.2039070203761013,1.3424281310955062,1.3424281310955062,0.2039070203761013,1.3424281310955062,0.5886690701668355,0.7086690701668354,-0.016982817805463485,-0.01875089857948115
-0.5922191639147026,0.28014542774208795,0,1,2.3442527499944563,0.2601209797632982,-0.36813653389385326,0.29365929115170897,0.1881216441955006,0.6024193859690855,0.6047499039397994,0.3520308131378325,0.32496539803931246,0.28014542774208795,0.28014542774208795,0.32496539803931246,0.28014542774208795,0.10526950195321032,0.22526950195321033,-0.027065415098520063,-0.025880972709887526
-0.08156612043058602,0.19193152077687803,1,1,2.7570298792902355,-0.7903247746716606,-2.605788587527226,-0.2404989584823943,0.5179041881781331,-0.4104565910390145,0.03620263925982666,0.2079169343367796,0.19193152077687803,1.0007919039328896,1.0007919039328896,0.19193152077687803,1.0007919039328896,-0.9215903481803361,-0.8015903481803361,-0.015985413559901573,-0.05132003838691742
1.3081440935060493,0.05792629293525893,1,0,9.316422319557525,14.468844126564084,0.7506999816780775,0.0809252332521623,1.5079194172348667,1.1269862522811211,-0.118564152971434,0.05792629293525893,0.05347270789411821,0.268528855008924,0.268528855008924,0.05792629293525893,0.268528855008924,1.1130673699581788,1.233067369958179,-0.004453585041140719,-0.01321883635484605
2.4730158039234746,0.02189885074569997,1,0,11.014785180944955,1.0424223717993177,-0.19804617072477865,-2.8503241052013646,-0.3265021968905259,-1.3532688927105265,0.2212295420006227,0.02189885074569997,0.02021518709043681,1.5225574177221741,1.5225574177221741,0.02189885074569997,1.5225574177221741,3.2133183351577626,3.3333183351577627,-0.0016836636552631616,-0.0032591795725588984
0.7456392037006585,0.10603643371250049,1,0,11.308689246272147,9.851837102688714,0.15287071112000175,0.6958557560267777,1.3966704719481913,-0.026269429671968363,2.280416311923196,0.10603643371250049,0.09788396527255215,0.28282395742137556,0.28282395742137556,0.10603643371250049,0.28282395742137556,0.3154158919295521,0.4354158919295521,-0.008152468439948338,-0.02249764103890381
1.0879937669717712,0.32401266324081274,1,1,4.929386698786324,4.786957548519958,0.2324514452199039,-1.310216393716633,-0.5620718751101198,-0.37274670030782203,0.5921271511533787,0.35099872785169384,0.32401266324081274,0.8254654724724995,0.8254654724724995,0.32401266324081274,0.8254654724724995,0.9307093641300621,1.050709364130062,-0.0269860646108811,-0.014927644251487434
1.716427481477082,0.1250824194190582,1,1,5.828630339643569,2.8240375436125444,-0.9472499002293007,-0.297975882809396,-0.16104028079608668,-0.44812080765554363,0.8114153816797184,0.13550016735016085,0.1250824194190582,0.49336992850657857,0.49336992850657857,0.1250824194190582,0.49336992850657857,0.3263067480645441,0.4463067480645441,-0.010417747931102644,-0.02233488688329109
0.24887107676645703,0.12290038813078756,0,0,-3.4000893789298816,9.96708845233889,0.6413213884653558,1.1665671351039588,-0.33102518111119955,1.202527567647902,-1.3639970859770458,0.16767083775380354,0.15477969114287748,0.12290038813078756,0.12290038813078756,0.16767083775380354,0.12290038813078756,1.4127221602943107,1.5327221602943109,-0.012891146610926052,-0.010825158856599605
1.5702508736118699,0.0412706811575707,0,0,6.707078831862043,4.05802075777156,-1.388384300989857,-1.2138016860912133,0.00921169263208945,1.2023781165777556,-0.6021420806396302,0.04368954611528532,0.04033053418523261,0.0412706811575707,0.0412706811575707,0.04368954611528532,0.0412706811575707,1.3706313333808753,1.4906313333808754,-0.0033590119300527105,-0.011133220761612975
0.7924011323904032,0.008972526931817867,0,0,-1.6661547481213892,0.4767115083450646,-0.47669340496443713,-0.2160179553093376,0.5728281233876548,-0.4776253033545738,-0.5334169579165013,0.2979638817756728,0.2750553298999385,0.008972526931817867,0.008972526931817867,0.2979638817756728,0.008972526931817867,0.43534489526088865,0.5553448952608886,-0.022908551875734262,-0.02076892319112654
0.14398735931157194,0.6217598169876106,1,1,-6.174554238284287,9.952985719915747,-1.3453952633576904,-0.5717211111771211,1.1774617529353326,0.09092600847847668,-0.7398545102479152,0.6735443689426277,0.6217598169876106,0.6259169569230336,0.6259169569230336,0.6217598169876106,0.6259169569230336,0.287603822262139,0.407603822262139,-0.05178455195501708,-0.022918669508102087
0.3503410344514679,0.06588810231049934,0,1,7.944571157194429,8.472290767501917,1.2361439727289343,-0.5852135020601873,1.4199555794824656,1.4036069779001006,0.05601162637466865,0.1961019439706987,0.18102491003754814,0.06588810231049934,0.06588810231049934,0.18102491003754814,0.06588810231049934,0.9425145987104557,1.0625145987104556,-0.015077033933150547,-0.01481062245069691
-1.8214169633678243,0.10449348287382211,1,0,-8.844352888112471,6.325925884671059,-1.4985495273716876,2.289500615345755,0.3872760562645462,-0.3238870247205901,0.9561279147750558,0.10449348287382211,0.09645964213169718,0.2584576974095495,0.2584576974095495,0.10449348287382211,0.2584576974095495,0.7358423609558713,0.8558423609558713,-0.008033840742124931,-0.01699851773701346
0.2921192604461498,0.034669831503323326,0,0,1.1393598634744744,-28.129662299362437,0.7023027870213473,1.3109383498864404,-0.6623477886798963,0.3184734127743923,-1.1858702302449369,0.13814874028924434,0.12752736039372345,0.034669831503323326,0.034669831503323326,0.13814874028924434,0.034669831503323326,1.2254970286842473,1.3454970286842474,-0.010621379895520894,-0.012264264434222833
-1.5437475204462963,0.17019955652200308,1,1,-6.633741093922808,0.799939265703498,0.6663343957412341,-0.022945369627187417,0.2810092554868121,-0.1463497238404702,-0.25098882058836114,0.18437497850429907,0.17019955652200308,2.4500786239303216,2.4500786239303216,0.17019955652200308,2.4500786239303216,-0.14882883401972277,-0.028828834019722777,-0.014175421982295988,-0.030658407914175265
-1.6252691516111075,1.1921629331667856,1,0,3.5171187681600142,-1.07634787524111,-0.868231174014714,0.7904302146842336,1.4897040367414378,-0.5566683589100853,0.5535405049710949,1.1921629331667856,1.1005050911624985,2.4012461761713477,2.4012461761713477,1.1921629331667856,2.4012461761713477,-0.43073793880754313,-0.31073793880754313,-0.09165784200428706,-0.03699735220870551
0.19287868902522484,0.5752357358217223,1,0,5.747012989659407,1.060471260470396,0.4321836246602423,0.00809781134885869,-1.5265957333647167,-1.3015973511105925,-0.7809819511515705,0.5752357358217223,0.5310095107627764,0.8877796101754527,0.8877796101754527,0.5752357358217223,0.8877796101754527,0.0035403191787855004,0.1235403191787855,-0.04422622505894591,-0.027697094320082275
-1.1140785952000543,0.07853837857481193,0,0,0.08243370686249163,2.790819885856094,-2.1390047235719316,1.408030729905615,0.3677032291797136,-0.029961048399121757,-2.1902358192678286,0.24514455683881803,0.22629694764562064,0.07853837857481193,0.07853837857481193,0.24514455683881803,0.07853837857481193,0.1782467670691181,0.2982467670691181,-0.01884760919319739,-0.02465196329662346
-0.007113751303377705,0.5743015697116315,1,0,7.351177470156118,1.678519016574307,-1.8238708550204004,-0.0023413881869583275,1.970489965483977,-0.6986441958730818,0.863798014412438,0.5743015697116315,0.530147166756311,1.4503579621064384,1.4503579621064384,0.5743015697116315,1.4503579621064384,-0.589944061455657,-0.46994406145565704,-0.04415440295532047,-0.04114011844348949
0.13843451934986478,0.1587711458393723,1,1,0.5069764176486824,4.889284298244995,-0.47990240767496084,0.05523925928886656,1.2146838488929317,-0.3459516301665442,-0.6901049080521332,0.17199472900772683,0.1587711458393723,0.8683533868852591,0.8683533868852591,0.1587711458393723,0.8683533868852591,0.31253810535095977,0.43253810535095977,-0.013223583168354536,-0.022540844742285803
0.1830496008171349,0.05025976295677489,1,0,11.52047943371129,-1.869870510162068,1.4180705541247638,0.04555782111359534,1.091205090586163,-0.685248893384687,1.4066742089609758,0.05025976295677489,0.04639560875091642,0.5347638715786445,0.5347638715786445,0.05025976295677489,0.5347638715786445,-0.15445026730743547,-0.03445026730743547,-0.0038641542058584707,-0.03077351960688151
-0.9041214070421014,0.046540042040552274,0,1,2.0847075960003454,9.799227031023234,0.273627274534611,0.43478762621465866,0.1316293114291747,-0.5054749819965015,-0.0016828104949717336,0.2361642259504343,0.21800705740659282,0.046540042040552274,0.046540042040552274,0.21800705740659282,0.046540042040552274,-0.08732655087024152,0.032673449129758475,-0.018157168543841473,-0.029426788203309313
0.8986823824811988,0.15335970945035698,0,0,-3.619583572449205,7.738507603504642,-0.44259023798936625,0.9595460626447856,-0.20305716706866234,-1.4965072277938996,-1.6794237349892838,0.24000270978647253,0.2215504245809806,0.15335970945035698,0.15335970945035698,0.24000270978647253,0.15335970945035698,0.6313168033940761,0.7513168033940761,-0.01845228520549194,-0.018225283864984978
-0.08923523646607896,0.1278720518605281,0,1,-0.02181543239802891,4.336515970468709,-1.7267181523204245,0.6179707575539414,-1.1515043113734442,0.3000857758385668,0.13657451749141328,0.32764491554046327,0.30245437734587033,0.1278720518605281,0.1278720518605281,0.30245437734587033,0.1278720518605281,-0.19201946924892557,-0.07201946924892558,-0.025190538194592937,-0.03155401066364444
0.44107568017116194,0.09870528098959369,1,0,0.20566323164701916,5.3557905839255495,-0.06470859490977714,0.43840520338236943,0.1583035370905262,-2.70972974278095,-0.3236252408484902,0.09870528098959369,0.09111645835618,0.7698263111592651,0.7698263111592651,0.09870528098959369,0.7698263111592651,-0.2956074116821694,-0.17560741168216942,-0.0075888226334136916,-0.03381009173859926
-1.1964396139469966,0.07912662988683138,0,0,-3.17444558826837,6.62213615408089,0.42510313406343103,1.6402828107549985,1.6864576165824976,-1.3631505135852566,-0.34972529931277313,0.1463039695511274,0.13505558583389835,0.07912662988683138,0.07912662988683138,0.1463039695511274,0.07912662988683138,0.5823915638095953,0.7023915638095953,-0.011248383717229055,-0.01882953560287125
-0.17832755679598694,0.09464914029211516,1,0,-8.194140256577318,6.901040917301546,-1.5661148137079979,1.519885075110083,1.0128562081485508,0.3505878868631747,0.16609486126021009,0.09464914029211516,0.08737216857509347,0.8777943328601205,0.8777943328601205,0.09464914029211516,0.8777943328601205,0.6440562281917737,0.7640562281917737,-0.007276971717021685,-0.018071152882651754
1.0972944832701201,0.19241540504729301,1,0,2.7779318778707136,0.07036405976682303,1.3806311003494742,1.211325194760139,1.158044696656121,0.4566798597822596,-0.34922829951416257,0.19241540504729301,0.17762180569576178,0.3935028083493877,0.3935028083493877,0.19241540504729301,0.3935028083493877,1.2791365763537614,1.3991365763537615,-0.01479359935153124,-0.011833446897225005
0.9701776318087014,0.13037108559557795,1,0,-5.28246696083596,8.956675201546645,0.7671248320175574,0.8160419052551146,-0.1906374695919598,-0.3512489188342415,1.1333132695582098,0.13037108559557795,0.12034768020944929,0.3410177989727242,0.3410177989727242,0.13037108559557795,0.3410177989727242,0.4617973261103705,0.5817973261103705,-0.010023405386128656,-0.02040587476791094
-0.7972926829243939,0.541768987563587,1,1,-13.268831017774419,-0.10630898269615363,1.6641161087696066,-0.7493957809147662,-0.2633766754479744,0.35093307645469796,0.4865989977486106,0.5868913378949894,0.541768987563587,1.336512843951169,1.336512843951169,0.541768987563587,1.336512843951169,0.10306360565362947,0.22306360565362948,-0.04512235033140233,-0.02591906120406617
-0.5455581905748454,0.08097537174800051,1,1,-2.5330435339013593,13.071506506546424,-0.5223663592412943,1.883520630344044,0.4220952655451712,0.5313834084705529,1.758884081511754,0.08771957301478114,0.08097537174800051,0.21366351645786627,0.21366351645786627,0.08097537174800051,0.21366351645786627,1.031119489055602,1.1511194890556018,-0.006744201266780631,-0.013961097749326983
-0.9886867300638188,0.10017680118883775,1,0,-5.791915189130378,7.082251029297763,-0.44906162524459003,-0.08843187644227794,-1.2533222290216288,-0.17235047225357822,-1.4889275239353628,0.10017680118883775,0.09247484270614029,0.20084149018383024,0.20084149018383024,0.10017680118883775,0.20084149018383024,0.005824793228195083,0.12582479322819506,-0.00770195848269746,-0.02765494422967986
-0.6564129182608818,0.08516876378444609,1,1,-5.245720607946604,-5.458174782620453,0.747849354193172,0.4199967500699922,-0.27706930703854016,-0.10042370781784783,0.7614664151889905,0.0922622203775538,0.08516876378444609,0.9273102753642217,0.9273102753642217,0.08516876378444609,0.9273102753642217,-0.05257686729317129,0.0674231327068287,-0.007093456593107714,-0.028752909644457602
-1.399067540706529,1.2812433485533616,1,1,-15.954476608721468,15.660458072912505,-1.135796086889898,0.20416786745252327,0.6995098064587445,-1.7822740774072416,0.6849380057020193,1.3879543500324159,1.2812433485533616,3.5835255939660215,3.5835255939660215,1.2812433485533616,3.5835255939660215,-1.1011374789711459,-0.9811374789711459,-0.10671100147905421,-0.057845714705510295
-0.138175872408474,0.10884231464758903,1,0,-4.841308911717265,-15.729902629725434,-1.6740624632615668,-0.11759448385153255,-1.1633911040952263,1.4312465792900149,-1.1571210541523476,0.10884231464758903,0.100474119829747,0.7041602396665416,0.7041602396665416,0.10884231464758903,0.7041602396665416,0.27287072211290897,0.39287072211290897,-0.00836819481784204,-0.02314488735494325
0.633138398182844,1.0048730953157317,1,0,0.7852194106380735,6.599191412314104,-1.6501898919653826,0.13335214159631562,-0.4137029800208229,-1.504605228663933,0.5258151991548494,1.0048730953157317,0.9276147803300879,2.5644972906818215,2.5644972906818215,1.0048730953157317,2.5644972906818215,-0.5897078250569815,-0.4697078250569815,-0.07725831498564373,-0.04113363975805512
-0.7850528638010786,0.13099147308739895,0,0,-3.1699853233284583,-6.1776665764181,-1.9914990624496793,-1.036240972583125,-0.5752182704207847,0.8022223921551402,1.295468367013152,0.4211538502334862,0.38877400349420027,0.13099147308739895,0.13099147308739895,0.4211538502334862,0.13099147308739895,-0.38204131223341564,-0.26204131223341565,-0.032379846739285956,-0.03581554189845042
-0.09060628266117694,0.2215008824371586,1,0,1.2580383221386304,14.414069016404616,1.1027822473275728,-0.15327379046223277,-2.427308244795156,0.39085302121855847,1.4705737392246134,0.2215008824371586,0.20447108531680558,0.28989006847794535,0.28989006847794535,0.2215008824371586,0.28989006847794535,-0.0758792670715961,0.04412073292840389,-0.01702979712035302,-0.029203071740464315
-0.22049840763135672,0.377897126561467,1,1,6.252168984780064,2.1883017841510486,1.2337904078135682,0.4629490097437198,-1.1895027643384526,-0.525307003628415,1.9338143987456746,0.40937107011556434,0.377897126561467,1.1441651222569564,1.1441651222569564,0.377897126561467,1.1441651222569564,-0.35610492412406003,-0.23610492412406003,-0.03147394355409733,-0.03520158130506422
1.0551187315982191,0.24409276715998543,1,0,4.81504535873934,-4.376764982517389,-1.4167295346641338,-1.1478412281503858,0.9425515511652842,-0.4311592448055278,-1.1817551222046219,0.24409276715998543,0.22532602340012955,1.1241432193663152,1.1241432193663152,0.24409276715998543,1.1241432193663152,0.8169790244687727,0.9369790244687727,-0.018766743759855875,-0.016103474228576567
-0.6115918368044213,0.23339792369679346,0,0,4.243083554495557,-2.278692301516318,1.5279711787230157,0.4610559781451398,-0.38180116437717815,-1.1457748358995155,2.047406563859938,0.33065069503943983,0.30522906153500945,0.23339792369679346,0.23339792369679346,0.33065069503943983,0.23339792369679346,-0.6818260939455703,-0.5618260939455703,-0.025421633504430385,-0.043738925598418577
-0.5752161076508515,0.11611598160214455,0,1,4.004971831041019,-6.226518862182529,-0.02445181874660751,1.3973280624694941,0.8936335446094399,-0.5209015616632341,-0.5129411149897811,0.1381559012719302,0.12753397081389697,0.11611598160214455,0.11611598160214455,0.12753397081389697,0.11611598160214455,0.713179768347709,0.833179768347709,-0.010621930458033224,-0.017257287937536288
-0.8460211282923613,0.03612035898011475,0,0,-7.784667494041504,-3.1613572768955853,1.4463148979339198,1.4625173326199776,-1.8769159761207344,0.5497802609821923,-0.12121480472361965,0.16144362387515154,0.14903124821904815,0.03612035898011475,0.03612035898011475,0.16144362387515154,0.03612035898011475,0.7443177456513417,0.8643177456513417,-0.012412375656103397,-0.016902742584190493
-1.1375095200784877,0.3624520189438115,1,1,-0.06869787267564931,-3.368175483539692,-1.033323162938506,0.2617460947171974,-1.3495967909863944,-0.4664553546461,-0.7984737327699676,0.39263958477451005,0.3624520189438115,0.747153071323408,0.747153071323408,0.3624520189438115,0.747153071323408,-0.421797451172395,-0.301797451172395,-0.030187565830698537,-0.03677749183261337
0.5291849914469698,0.12740502583097268,1,0,5.263311166471831,-4.932018086198381,-0.4997912641559985,-0.07147849366199094,-1.0155666619054864,1.5731790288732976,0.4932832333941253,0.12740502583097268,0.11760966195638245,0.27063655995929226,0.27063655995929226,0.12740502583097268,0.27063655995929226,0.6620474439237662,0.7820474439237662,-0.009795363874590235,-0.017855699548012232
-0.13511079633047862,0.22038582940902282,1,1,-3.3120238703054947,1.053216406787038,1.7945630283820548,-0.1600799690780195,-0.5487899622971091,1.758415614493028,-0.5780597398739851,0.238741118897614,0.22038582940902282,0.8824775532236079,0.8824775532236079,0.22038582940902282,0.8824775532236079,0.6784163361787747,0.7984163361787747,-0.018355289488591192,-0.01766190684707533
0.05480985982330186,0.10482866283520732,0,0,-4.254349891689475,3.1837810956361183,-0.17829202198912472,0.7200474104973147,-1.2377258082972784,0.71129468479365,0.5833470661646026,0.5714152606529536,0.5274827676835218,0.10482866283520732,0.10482866283520732,0.5714152606529536,0.10482866283520732,0.449724204247615,0.5697242042476149,-0.0439324929694318,-0.02057077925686
1.2746411561953968,0.13314754712622742,1,1,3.8654330287595635,-5.997866849227098,1.2693253180378326,0.890044503010141,1.299978352877571,-0.11042190050841018,-0.8626703187070606,0.14423701589448423,0.13314754712622742,0.3022887790259568,0.3022887790259568,0.13314754712622742,0.3022887790259568,1.0534427100552433,1.1734427100552431,-0.01108946876825681,-0.013754865034836122
1.3320807259278715,0.09408364123847993,1,1,-4.843364146893272,-10.02925893699245,2.1099854140833623,-1.5266956155219669,-1.4265130788738078,0.5651280405088313,1.6249860481773497,0.10191959183341576,0.09408364123847993,0.3251091260863454,0.3251091260863454,0.09408364123847993,0.3251091260863454,0.9230323718468627,1.0430323718468628,-0.007835950594935831,-0.015004239698328066
-1.6462343078348034,0.398558876879458,1,0,-9.267387168595567,0.6650004427747374,0.18955084591416504,0.9993036997022059,-1.9958027274719585,-0.49954496218113714,-1.8739478071432591,0.398558876879458,0.36791621424492627,0.908832159213305,0.908832159213305,0.398558876879458,0.908832159213305,0.1933671733051323,0.3133671733051323,-0.030642662634531748,-0.024404713098355735
0.6478346730955673,0.24483205307433517,0,1,-1.81309587305216,5.100586562684215,0.7804109582286599,-1.5472313265890145,-1.2778188460326472,0.5140252049614028,1.0618243520177295,0.28928421753465755,0.2670429899579098,0.24483205307433517,0.24483205307433517,0.2670429899579098,0.24483205307433517,1.1594154712276201,1.2794154712276202,-0.022241227576747735,-0.012816636772036127
0.2256469257111892,0.051104360992249555,1,1,2.0940722750413063,5.560280938217143,-0.15896810822921661,0.5701725041085097,0.5377881668730922,-0.2154268594424721,-1.0947054828862488,0.05536069336469655,0.051104360992249555,0.5253521251767185,0.5253521251767185,0.051104360992249555,0.5253521251767185,0.5835664404525436,0.7035664404525436,-0.004256332372446998,-0.018814793122771876
-0.4615909991459365,0.07302693917665129,1,0,-0.24705488987983792,2.7907197695813064,0.5648914068846425,0.6130956907750826,0.8940244030902588,0.31206642407889745,-1.1684999134793264,0.07302693917665129,0.06741236128054942,0.10694905311325135,0.10694905311325135,0.07302693917665129,0.10694905311325135,0.6300352150656674,0.7500352150656674,-0.005614577896101869,-0.018240862059703697
0.32768368702794237,0.17459307068938976,1,1,4.937541704035817,12.251413915804468,0.6903401613691801,-0.0013810802283412515,-0.48273744432334303,-0.2946358371937122,-0.6902571783903797,0.18913441558347582,0.17459307068938976,0.6738536909750628,0.6738536909750628,0.17459307068938976,0.6738536909750628,0.39071595435070117,0.5107159543507012,-0.014541344894086067,-0.021396137592031333
-1.7263832352207857,0.15435964579773834,1,0,-6.239759071470749,5.225575506627454,0.8888437788544289,-1.4181147335800204,-0.9934859348064183,-0.32877288467169474,1.6137508482389997,0.15435964579773834,0.14249191225834343,0.5007580570072289,0.5007580570072289,0.15435964579773834,0.5007580570072289,0.0012622816634787482,0.12126228166347874,-0.011867733539394909,-0.027739189623502393
1.4626423427763993,0.008763077740108483,1,0,-2.2530945315951216,20.634056337983527,1.0542805490928489,-1.6408408032472255,1.351347088752486,1.349420216983684,-1.174008326022643,0.008763077740108483,0.008089340306550999,1.1205687283348205,1.1205687283348205,0.008763077740108483,1.1205687283348205,2.2796724540239177,2.399672454023918,-0.000673737433557484,-0.006073324120733347
0.5149440970719076,0.17905405449886536,0,0,3.599226036130681,22.66729762967443,-2.5214582705964452,-0.07222162234724244,1.122424409299822,1.5912619698002022,-0.8708272643612502,0.24655540599188594,0.22759932556110338,0.17905405449886536,0.17905405449886536,0.24655540599188594,0.17905405449886536,0.1520864277933338,0.2720864277933338,-0.018956080430782563,-0.02508567009167462
-0.8651977448326591,0.2102735500824499,1,1,-4.164912841130403,-14.04921915540892,1.7519791046629654,-2.227932395816701,-0.3680506138292876,-0.4172106692157472,1.152337024924303,0.2277866174784207,0.2102735500824499,0.5994730881409055,0.5994730881409055,0.2102735500824499,0.5994730881409055,1.1880610202482036,1.3080610202482035,-0.017513067395970777,-0.012574199326622557
-0.5854102218195238,0.1751622536490206,1,0,-4.846815078273407,-16.959080748672253,1.29830246593978,0.9542236554333953,-1.3505500487458946,0.8626190317989219,0.5090419685934918,0.1751622536490206,0.16169513961333307,0.3908666473107193,0.3908666473107193,0.1751622536490206,0.3908666473107193,0.4359895265384637,0.5559895265384637,-0.013467114035687539,-0.020759999577083754
-1.7031464755474404,0.0451631951346117,1,0,-10.23942604712639,-2.8727532987433304,-1.6712343852795908,-2.067013828801687,1.0379892900207761,-0.18009930097924454,-1.2851820924548754,0.0451631951346117,0.04169088368380943,1.8967469033000086,1.8967469033000086,0.0451631951346117,1.8967469033000086,0.855743583659163,0.975743583659163,-0.0034723114508022693,-0.015692642937921157
-0.3139572498362541,0.2961426626332601,1,1,1.725669617256945,4.041189294191971,-0.20817192870876858,0.36404108111320266,-0.08285112666754706,-1.5519861531260863,1.88555690356411,0.3208075166174389,0.2961426626332601,0.8489105701484879,0.8489105701484879,0.2961426626332601,0.8489105701484879,-0.6610256627158763,-0.5410256627158763,-0.02466485398417878,-0.043136585883128874
-0.482731977240583,0.6480349015024979,0,0,6.002454109607262,-1.482841691549564,1.004217968987892,-0.3353774516734673,-0.2950946559022876,0.35948739471317603,-1.1296213957403316,0.7010125790697753,0.6471161707619637,0.6480349015024979,0.6480349015024979,0.7010125790697753,0.6480349015024979,0.45051685967753907,0.5705168596775391,-0.053896408307811616,-0.020559911768586958
-1.325110387123759,0.05810622546999471,1,1,-6.575471238499347,3.581229118747271,0.3226764365369687,-1.3307324368607656,-0.070534216845166,-1.1685714998568588,-1.1180839823267146,0.06294572260305056,0.05810622546999471,0.5574515628741805,0.5574515628741805,0.05810622546999471,0.5574515628741805,0.3262138627785982,0.4462138627785982,-0.004839497133055856,-0.02233626998101697
0.7767022337097781,0.1720264864385813,1,1,5.8740099751048405,-0.24556496902511094,1.6457226136182097,0.059225894284554124,0.20740648540116763,-2.011379861081323,-0.5970017585210479,0.18635406805647678,0.1720264864385813,1.3579638646688732,1.3579638646688732,0.1720264864385813,1.3579638646688732,-0.11731348665465285,0.0026865133453471413,-0.01432758161789549,-0.030020987289461003
1.2767971896944754,0.2620785117486298,1,0,0.9057890192609319,-2.4890999184436264,0.4612121187043472,0.19413626594750497,-2.1540298213537055,0.2071379166570812,0.36655880354968934,0.2620785117486298,0.24192895823184213,0.745859786493642,0.745859786493642,0.2620785117486298,0.745859786493642,0.5418122802217256,0.6618122802217256,-0.020149553516787655,-0.01934588113293346
-0.027360490044477766,0.019905068723388084,1,0,-9.307199818544257,-2.9728952713654584,1.2837619981986996,-0.6552311189383428,-2.242068720135671,-0.9967707518051554,-1.0970650388685572,0.019905068723388084,0.018374694314508902,0.5516433803772794,0.5516433803772794,0.019905068723388084,0.5516433803772794,0.1256441105615172,0.2456441105615172,-0.0015303744088791815,-0.025531806328178003
-0.305646882846368,0.022527759782353718,1,1,-4.107569213825557,-2.473579652268632,0.7367088777799742,-2.716736588395318,-0.4483564600726221,1.4257954735772547,0.00721246283363482,0.024404030835911823,0.022527759782353718,1.5674504211891458,1.5674504211891458,0.022527759782353718,1.5674504211891458,3.0747512007629583,3.1947512007629584,-0.0018762710535581047,-0.003574601096218687
0.4349846021317938,0.041544418068449385,1,1,-4.099655365025396,6.742800898986171,0.8963168161764239,-1.6417983335510877,-1.6019895132063227,1.4372424578452343,0.10121536575725322,0.04500453082763309,0.041544418068449385,0.9952311162949603,0.9952311162949603,0.041544418068449385,0.9952311162949603,1.625944877671597,1.745944877671597,-0.0034601127591837033,-0.009390743504128204
-0.01963896249504307,0.05577203095225171,1,0,-0.41974571600337285,-3.1323272932573927,0.10327436220914413,-1.1181528281069966,0.10078172895023148,-1.1459375683400963,1.18687044890565,0.05577203095225171,0.05148407344320496,0.44118523740489823,0.44118523740489823,0.05577203095225171,0.44118523740489823,0.11677122271465001,0.23677122271465,-0.004287957509046751,-0.0256832811288573
-1.0821792162311863,1.5051878609476415,1,1,-0.7378951685307786,-2.7929081321910623,2.7278307098681713,0.48394105366532936,-0.6349463854615437,-2.5336583304946583,-1.6844641145423411,1.6305505441859136,1.5051878609476415,1.7497983560511596,1.7497983560511596,1.5051878609476415,1.7497983560511596,-0.9354945932798229,-0.8154945932798229,-0.12536268323827215,-0.051797960943808966
-0.6526779865872612,0.13778480654089784,1,0,8.215047791428404,2.99524622437758,1.554861831027136,-1.0291918432710732,-0.3708348816865122,0.6553259745791783,1.4822897993617925,0.13778480654089784,0.12719140720162306,0.13978057478900102,0.13978057478900102,0.13778480654089784,0.13978057478900102,0.2346764781994656,0.3546764781994656,-0.010593399339274778,-0.02374178882029662
-0.29643600674803083,0.2180062387828749,0,0,-7.107743617826664,-1.6913104141912743,-0.199586921163838,-0.4046668696660347,0.07162102851068375,-0.6276378166392172,-0.5738192032929551,0.3613307029915239,0.3335502783828502,0.2180062387828749,0.2180062387828749,0.3613307029915239,0.2180062387828749,0.10228706673352458,0.22228706673352458,-0.02778042460867375,-0.02593248278442463
0.24818659447669594,0.07562464920943772,1,1,-1.1832647108367316,7.631982808370669,0.4118801175338736,0.18529151783448639,2.131605306558584,0.4388488166354295,1.151145548093828,0.08192320448603915,0.07562464920943772,0.7543816029710687,0.7543816029710687,0.07562464920943772,0.7543816029710687,0.41473524697073993,0.5347352469707399,-0.0062985552766014336,-0.021056252726049426
0.009336717876468193,0.08653845700080322,0,0,-4.29195508146338,-6.493184519106277,-1.071285176723131,0.5251572900302712,-0.7229813466010591,0.3954532632965579,0.6885145981148411,0.09947343184486898,0.09182555096717546,0.08653845700080322,0.08653845700080322,0.09947343184486898,0.08653845700080322,0.04010672401562565,0.16010672401562565,-0.007647880877693525,-0.02703006881809467
0.21036937998711588,0.021739020077937078,1,1,-6.33899680721292,-8.97770367148565,0.04986884400147382,2.407325721474793,1.4279797691084526,1.1772453328290966,0.7642861923700136,0.023549599314355508,0.021739020077937078,0.163108772841338,0.163108772841338,0.021739020077937078,0.163108772841338,2.577196137513365,2.697196137513365,-0.0018105792364184296,-0.004980632863281769
-1.5248279832839218,0.12036192711656157,1,1,-1.2166132303155184,-0.3663045705121961,1.7633608177300442,-1.4369692974692159,1.3702831179905761,-0.9912443119995229,-0.5643391190667296,0.1303865190858071,0.12036192711656157,1.0765592015537409,1.0765592015537409,0.12036192711656157,1.0765592015537409,0.2930925552832976,0.4130925552832976,-0.010024591969245517,-0.022834959782861756
0.6652177440849291,0.09066386831089132,1,0,0.13659390934419918,4.587570310281509,0.561392444061668,1.2332201655107236,-1.153576631681962,-0.5125448776777309,0.09753207250131049,0.09066386831089132,0.08369329886442908,0.3141703254861064,0.3141703254861064,0.09066386831089132,0.3141703254861064,0.758154002288092,0.878154002288092,-0.006970569446462238,-0.016747545676512068
0.003415884008512292,0.24339352818416685,1,0,-8.314519235386287,-7.813301037459521,-0.18636600469571402,0.8540320612351875,3.4359276159845202,0.41932070852587977,-0.7351964381623162,0.24339352818416685,0.2246805444715208,0.2786255009604062,0.2786255009604062,0.24339352818416685,0.2786255009604062,0.9403584591431502,1.06035845914315,-0.018712983712646042,-0.014831926938233063
2.552709054150154,0.20955650666865588,1,1,4.147117445381035,13.999158599157841,-1.2965083306389955,-0.3252539135856056,-0.9402498860287901,0.4675497919754231,0.4520216357842265,0.22700985362129614,0.20955650666865588,0.46807276562195094,0.46807276562195094,0.20955650666865588,0.46807276562195094,0.7444594557836818,0.8644594557836818,-0.017453346952640253,-0.016901145799692832
-0.387634370176413,0.20830007298684866,0,1,-7.060723137522253,14.004179787297456,-0.46316820452495655,1.984955013783783,-0.7354473192398943,-0.11943106789817422,0.6391626658898175,0.30596553751759914,0.28244178911346923,0.20830007298684866,0.20830007298684866,0.28244178911346923,0.20830007298684866,1.173181833141963,1.293181833141963,-0.023523748404129907,-0.012699549243416966
0.32345849510937236,0.047817417918783654,1,1,-0.5224164947723324,-4.8227526218228185,0.8920548937698285,1.2775765215431991,0.42849647899323895,1.0509127007879968,-0.6651081720279391,0.051799990441027156,0.047817417918783654,0.5675720901783101,0.5675720901783101,0.047817417918783654,0.5675720901783101,1.3820428410729027,1.5020428410729028,-0.003982572522243502,-0.011048844233459844
2.829219162208502,0.10707752438295934,1,1,10.13781809086074,15.18837801801888,0.918081960350382,0.9047291501563995,1.5128866747535359,-1.6684359922285426,-0.9071831156010672,0.1159956974027099,0.10707752438295934,0.21522012129538345,0.21522012129538345,0.10707752438295934,0.21522012129538345,1.028920940323236,1.148920940323236,-0.008918173019750564,-0.01398157552196084
0.19409162950317882,0.02791246713386296,1,1,3.210980582628165,-17.997829749262962,0.823140969367302,-2.651364479881397,0.49200617378835015,1.0598044249313672,-0.5763752475504399,0.030237214673016065,0.02791246713386296,0.6485794550063237,0.6485794550063237,0.02791246713386296,0.6485794550063237,3.159935867860569,3.2799358678605692,-0.002324747539153106,-0.0033772568946976154
-0.06763053927601673,0.36063951558583285,1,0,1.0179444520858874,8.190407807760295,-0.43019000011191194,-1.0741373472399038,-0.5215471197314033,-0.4925685019617576,-0.6828412744655215,0.36063951558583285,0.3329122319902402,1.0965825828723772,1.0965825828723772,0.36063951558583285,1.0965825828723772,0.4933542814947779,0.6133542814947779,-0.027727283595592622,-0.019981060860962456
-0.9869218947506514,0.18689530727734766,1,0,-4.289984007375526,-8.417708119807216,-0.7376781777844968,-0.2710047848883935,-0.28310431565612143,1.8741318998610565,-0.3941851431170102,0.18689530727734766,0.1725261132106728,0.7832666160589546,0.7832666160589546,0.18689530727734766,0.7832666160589546,0.4199802071906988,0.5399802071906987,-0.014369194066674862,-0.020982755159585326
1.528266367208985,0.09703286835813803,0,1,2.394762701742609,10.267225209193308,0.3441502161918585,-0.5768829664763014,-0.5895957758414572,-1.7043705377326224,-1.5713662478110932,0.23047326705669852,0.21275364022517096,0.09703286835813803,0.09703286835813803,0.21275364022517096,0.09703286835813803,0.5893000565194739,0.7093000565194739,-0.017719626831527557,-0.018743012530858198
-1.15910158617657,0.017848777077070076,1,1,1.6033192077098037,-8.375311685425196,-1.2069982796529997,0.18369683476007076,1.0761736552845853,-1.786664526895518,-0.549076801348817,0.01933534938140326,0.017848777077070076,1.014568043075189,1.014568043075189,0.017848777077070076,1.014568043075189,-0.806913215932177,-0.686913215932177,-0.0014865723043331856,-0.04754277662187116
0.4271209168481219,0.10332227817097611,1,1,3.66051158876437,0.042575910002704775,-1.3668907093503484,-0.26427709413354983,1.0757694937071505,-0.4468824016079753,-0.04751697219969663,0.11192768774533308,0.10332227817097611,1.2155526423037502,1.2155526423037502,0.10332227817097611,1.2155526423037502,-0.005128202021112388,0.11487179797888761,-0.008605409574356973,-0.027857619611818228
-0.47355532130838146,0.22865500107051293,1,1,-2.2496641677738953,-6.620143589155707,1.455228396392314,0.4579009305079092,-0.760091855816802,0.1589152858357252,-0.8275490114022908,0.24769900561889047,0.22865500107051293,0.4692136326257732,0.4692136326257732,0.22865500107051293,0.4692136326257732,0.27646603577548623,0.3964660357754862,-0.01904400454837754,-0.023089478365884784
-0.18933626257802227,0.04015164260096171,0,1,-0.03695692492514158,-1.456248730600299,0.4204820127359998,0.5153401540727593,-1.3671597004984526,0.17514941738577372,-0.1175732579959197,0.1164578360697085,0.10750413214076307,0.04015164260096171,0.04015164260096171,0.10750413214076307,0.04015164260096171,0.3026991029881504,0.4226991029881504,-0.008953703928945428,-0.02268918366254591
-1.4239322686100582,0.34196600595806326,0,1,-8.384301032891546,11.277997038377594,0.5446773971721118,0.8313470510191334,0.477449604124605,-0.30319335337975234,0.9333300208640003,0.6520060034424979,0.6018773997199909,0.34196600595806326,0.34196600595806326,0.6018773997199909,0.34196600595806326,-0.1424261232369684,-0.02242612323696841,-0.05012860372250705,-0.030527822200675646
1.343127221733895,0.18328399872017803,0,1,-1.9096518190194463,2.45226723001253,-0.8730627763102515,-1.3205219933694994,-3.1952866845608003,-0.07014095173715502,-0.8215464394934352,0.34891241756392205,0.32208675611053594,0.18328399872017803,0.18328399872017803,0.32208675611053594,0.18328399872017803,1.0329394507650602,1.1529394507650603,-0.026825661453386107,-0.013944168912464862
-0.2777973059182766,0.0664580314967224,1,1,3.095116217668018,15.010223917110752,0.3977544760753508,-1.9712273940443676,-0.6471785508995,0.47026990586448525,-1.0298361463489805,0.07199312606353445,0.0664580314967224,0.194419175737367,0.194419175737367,0.0664580314967224,0.194419175737367,1.7979900786155847,1.9179900786155848,-0.005535094566812046,-0.008373129168355944
-1.2150896588930336,0.17055722039100848,1,1,2.5499036599073848,-4.889917306559322,0.409256748612862,-0.5570225950680406,-0.03280830977999759,0.5951580064168556,0.952797023115313,0.18476243114816726,0.17055722039100848,0.49237149051165857,0.49237149051165857,0.17055722039100848,0.49237149051165857,0.01641326901273782,0.13641326901273781,-0.014205210757158776,-0.027460415819035584
1.2526905970400914,0.1047515201868704,0,1,2.053530919587418,12.669662240605394,0.09249241132060718,-0.8140102948787449,-0.45803886237965,0.6369553630869581,-1.0212535834826066,0.3624714858600814,0.3346033536964934,0.1047515201868704,0.1047515201868704,0.3346033536964934,0.1047515201868704,1.2249621174582308,1.344962117458231,-0.027868132163587966,-0.01226863874261517
-0.5041368130373036,0.25665144747477475,0,0,6.0296401542614,-12.338087239653994,-0.1780665966402057,-0.38588409836147486,-0.1033617833189646,-1.0092825292493772,-1.8519443522121117,0.4972634178244141,0.4590319894538043,0.25665144747477475,0.25665144747477475,0.4972634178244141,0.25665144747477475,0.1464118639551853,0.2664118639551853,-0.03823142837060978,-0.025180749981487477
0.33460729173072123,0.06660362798135587,0,0,2.171350370396229,-1.062163324958255,0.5207426159596433,0.9641314234886486,-1.7921749574981565,0.3689261609262163,1.0831829148451766,0.2084693364723857,0.1924414522180349,0.06660362798135587,0.06660362798135587,0.2084693364723857,0.06660362798135587,0.5015005071119919,0.6215005071119919,-0.016027884254350783,-0.019872841500158722
0.841416382134366,0.25100435073979244,0,1,-0.00691455176422795,-2.410162620140051,0.5959110467623232,-0.4166701786760665,-0.9434963697507577,0.08097807934998928,0.24778505884688073,0.5583381916001644,0.5154111114780652,0.25100435073979244,0.25100435073979244,0.5154111114780652,0.25100435073979244,0.5177068984841484,0.6377068984841484,-0.042927080122099226,-0.01965928586825151
0.47403433057432,0.2557159190521662,1,1,-5.281691158075504,12.253795016001295,0.09580751115589878,-0.18013463011756567,-1.0826517241227573,0.4226882913088517,0.47085449441352384,0.2770137481078281,0.2557159190521662,0.578956098024854,0.578956098024854,0.2557159190521662,0.578956098024854,0.39782513535751174,0.5178251353575117,-0.02129782905566191,-0.02129497150741106
-2.1966355504990354,0.47160728504993965,1,1,4.52046577622407,-2.2450682952423806,0.20082212546167189,0.11099364507125732,1.6792494877461053,-0.6243787845733961,1.2814350974566557,0.5108860729158974,0.47160728504993965,4.159868920937757,4.159868920937757,0.47160728504993965,4.159868920937757,-0.6822193618959007,-0.5622193618959007,-0.03927878786595773,-0.04375039451355161
0.6953567009777871,0.05645025456881163,1,0,5.386758077581172,-14.462369684200265,-0.7340244692218376,1.1089505729564282,1.2333675500805437,-0.29305120340188257,1.6609630540608336,0.05645025456881163,0.05211015275015688,0.9901191791412792,0.9901191791412792,0.05645025456881163,0.9901191791412792,0.42897907181143013,0.5489790718114301,-0.004340101818654747,-0.02085725135122776
-0.1006137626651282,0.2841279796489069,1,0,8.698018060492197,-10.121662689437638,0.46903588674608915,-0.8772724411405676,-0.374156594389209,1.1327623061066514,0.9230647018766497,0.2841279796489069,0.2622831824797153,0.5593815699179099,0.5593815699179099,0.2841279796489069,0.5593815699179099,0.6554592886504951,0.7754592886504951,-0.021844797169191577,-0.01793429610452744
-0.32902869680333263,0.04933066742418755,0,1,11.111988866339315,-7.576277932936432,-1.0580404013792908,-0.13925731219049714,0.20352298277651182,-0.5076045890756089,2.357799723374719,0.9284735476071977,0.8570891089837944,0.04933066742418755,0.04933066742418755,0.8570891089837944,0.04933066742418755,-0.6866036755434071,-0.5666036755434071,-0.07138443862340327,-0.04387845854784268
-0.10907494897522228,0.29350851036236864,0,0,-5.566901678000469,6.442701210171318,0.23366374340532553,-0.061812190903049326,1.19085104425809,-0.36521353483883495,1.007427610617323,1.1437732559994607,1.0558357891729686,0.29350851036236864,0.29350851036236864,1.1437732559994607,0.29350851036236864,0.011615356972589502,0.1316153569725895,-0.08793746682649206,-0.027548391550425665
-1.6100327939410817,0.246793586614527,0,0,-8.225050028632095,2.5620533465741544,-1.6677323955829848,-0.45365404624556616,1.0490704183772468,1.570197720589671,-0.7732957130059931,0.6818999800115773,0.6294730181494073,0.246793586614527,0.246793586614527,0.6818999800115773,0.246793586614527,-0.05488547735730881,0.06511452264269119,-0.052426961862169996,-0.028797196553836054
0.19217091466180267,0.17965757431377438,1,0,-13.241403198469808,-1.435072617940765,-0.8898216362186484,0.567446430370459,-0.6230338949177128,-0.26857791775539397,0.8764050247371578,0.17965757431377438,0.1658448436012169,0.20866028494115718,0.20866028494115718,0.17965757431377438,0.20866028494115718,-0.04930095054582523,0.07069904945417477,-0.01381273071255748,-0.028690183405874963
-1.3643913737093103,0.1235818408085617,0,1,2.2926747382719546,-5.684839802445914,-0.544102181614012,-1.9654257515356857,-1.3010844356058813,0.009955585720280876,-1.8634231484728845,0.14690924172236144,0.13561432246917743,0.1235818408085617,0.1235818408085617,0.13561432246917743,0.1235818408085617,1.2915761945574127,1.4115761945574126,-0.011294919253184016,-0.01173571699062542
-0.2858397095566313,0.17597697271320745,1,0,3.07636291475264,3.2694479955138087,-0.2971604172973206,-1.392096516243992,1.6399390068655983,2.1651425947656726,-1.0581971023420684,0.17597697271320745,0.16244722009919677,0.30760880391834416,0.30760880391834416,0.17597697271320745,0.30760880391834416,1.7115177740578322,1.8315177740578323,-0.013529752614010682,-0.00887000954937262
0.15626443153821068,0.029429084465734046,1,0,0.4685453551426109,-8.770034219064822,0.256758680037918,-0.9604037319968523,-0.30931560205451125,1.8034693279558056,-0.4666885477264853,0.029429084465734046,0.02716646892951211,0.7139098478487178,0.7139098478487178,0.029429084465734046,0.7139098478487178,1.2452055324114544,1.3652055324114545,-0.0022626155362219375,-0.01210417822292341
1.0740370879876142,0.15187636066384633,1,0,-2.9641498630095975,5.892197888529688,-0.2860374622371136,-0.9425292672276969,1.1461893776648633,-3.2632667025240267,-0.442797321531621,0.15187636066384633,0.14019955115850877,0.5930623929844526,0.5930623929844526,0.15187636066384633,0.5930623929844526,0.020648865701020647,0.14064886570102064,-0.01167680950533756,-0.027382984362424357
-0.8196131598597145,0.3914252041781951,1,0,-1.8204315041478347,0.6018122276680979,-0.04588609413545871,-0.6610773298509144,0.8635455077311673,1.2020272839704742,-1.412039512879515,0.3914252041781951,0.3613310043646184,0.6156879809602588,0.6156879809602588,0.3914252041781951,0.6156879809602588,0.8064776030527073,0.9264776030527073,-0.030094199813576694,-0.016216609372515838
1.4515873718459888,0.2032022047123682,1,0,3.373739263149076,-0.6307198977547355,2.0934866537708046,-1.4232588243535156,1.2886306816758417,0.1498276985356943,-0.5037010971138146,0.2032022047123682,0.18757927679179054,1.2486835866521366,1.2486835866521366,0.2032022047123682,1.2486835866521366,1.2883632399527767,1.4083632399527768,-0.01562292792057765,-0.011760881482423236
0.9468532535151475,0.09203910891953006,1,1,5.415614551170517,4.673363866430172,-0.40936692967583616,-0.03351279066031383,0.20841786186378186,-0.9201543513715253,-0.23393995767839035,0.09970477641285384,0.09203910891953006,0.6324295198892111,0.6324295198892111,0.09203910891953006,0.6324295198892111,0.27095191702184884,0.39095191702184884,-0.007665667493323786,-0.023174513318178838
-0.4294097424905361,0.18835564004302158,1,0,1.1990345727296257,0.9159570891901526,-0.7706728229275946,-1.2150495270738728,-0.8173117024578972,-1.1499746326954394,-0.4201549127505187,0.18835564004302158,0.17387417025783042,0.9364128146665046,0.9364128146665046,0.18835564004302158,0.9364128146665046,0.12879144472619025,0.24879144472619025,-0.014481469785191159,-0.02547829107371279
-1.1087492664026029,0.09250311822440799,1,0,2.5049287924335273,2.165931274393484,0.43247490546841544,0.12071035417796232,1.9743447766606508,-2.210453013719917,0.4693409662141885,0.09250311822440799,0.08539114052468652,1.9953149983260499,1.9953149983260499,0.09250311822440799,1.9953149983260499,-0.686185099676881,-0.566185099676881,-0.007111977699721467,-0.04386621594686892
-1.4438161822304212,0.754560608034316,1,0,-2.816402039549139,-12.14578804347106,0.00642023852435217,0.8156703423719669,0.7164652043104087,-0.16499175013517703,0.17265128485675557,0.754560608034316,0.696547231615916,0.9846342147685201,0.9846342147685201,0.754560608034316,0.9846342147685201,-0.006644457684725047,0.11335554231527495,-0.05801337641839999,-0.027885793364630804
0.27175385153313936,0.03592329662514546,0,1,5.2456795991380245,5.37914862242743,-0.7440692129184846,0.6136799793544542,-1.878876052122701,0.7768264386493173,-0.02317344423611007,0.11926825491193485,0.11009847571421523,0.03592329662514546,0.03592329662514546,0.11009847571421523,0.03592329662514546,0.4461363279276582,0.5661363279276582,-0.009169779197719621,-0.020620041757144915
-0.7372841495408139,0.9054111631883559,1,0,2.9428593176821956,6.176650548404618,-0.4870620378310888,-0.2325331994467262,-0.1591962345883808,1.2973037604805013,3.2334936632485123,0.9054111631883559,0.8357998449401092,1.1415082679195223,1.1415082679195223,0.9054111631883559,1.1415082679195223,-0.280849642122175,-0.160849642122175,-0.06961131824824673,-0.033479081703461436
1.1993568052817154,0.11583808969305803,0,1,-4.15797473675986,3.4690994157910913,1.2198708241503822,-0.5653257858897562,0.6297818242852791,0.6733291660574839,-0.9251607224472203,0.20456068638472932,0.18883331342981374,0.11583808969305803,0.11583808969305803,0.18883331342981374,0.11583808969305803,1.0908620795606292,1.2108620795606293,-0.01572737295491558,-0.013415977345631597
-0.6795238298282704,0.24160176871722097,1,1,6.212237651654728,3.8466431742987997,-1.2607992972206816,-0.06328092891678859,0.8077076027014347,-1.6118082676014285,-0.7208978676544061,0.2617240715787618,0.24160176871722097,1.5990975597884927,1.5990975597884927,0.24160176871722097,1.5990975597884927,-0.6127416822095089,-0.49274168220950887,-0.020122302861540847,-0.04177015866708105
-0.9006709800519722,0.053083791133049764,0,1,5.835633695321886,-2.022327160425386,0.5726517089904064,0.041723613270580134,1.4162736205989954,-1.4113674540763435,2.3521649334494557,0.3263867246094148,0.30129292073054403,0.053083791133049764,0.053083791133049764,0.30129292073054403,0.053083791133049764,-0.7705986060589872,-0.6505986060589872,-0.02509380387887078,-0.046405599290891296
0.23362635124431366,0.33199137285874164,0,0,3.989201218708008,7.500114669969495,-1.5379924435695795,-2.0291637188282605,-0.05891277949730691,-1.1344589282460094,-0.03875566404487908,0.7170280837912997,0.6619003449660351,0.33199137285874164,0.33199137285874164,0.7170280837912997,0.33199137285874164,0.9421734843615819,1.062173484361582,-0.05512773882526456,-0.014813990910914903
-0.6860468571594233,0.07887210992734156,0,0,-0.023409464144352077,-0.4301028428422993,-0.07372687895466667,-0.19577421210743123,-0.8424110321967792,0.43265615257969103,-0.3173371147671696,0.48798511286829616,0.4504670344820516,0.07887210992734156,0.07887210992734156,0.48798511286829616,0.07887210992734156,0.17162942371544015,0.29162942371544015,-0.03751807838624455,-0.024760957206881214
0.008549993368803353,0.19081619623020418,1,0,7.733253016562871,-7.478080456021134,1.1036648707547636,-0.18037225252830674,-0.9646474228665894,-1.6877105518433855,-0.17210943144837143,0.19081619623020418,0.17614554989542144,0.405574817206356,0.405574817206356,0.19081619623020418,0.405574817206356,-0.2748975701210955,-0.1548975701210955,-0.014670646334782739,-0.033346498322816234
0.9859893300585213,0.5185697018084251,0,0,-4.458317647268002,8.222121476937463,-1.2692045713626225,-1.349961854004778,0.527457309146987,-1.7776700611633918,1.4121933783329124,0.6040195143461089,0.5575802872294102,0.5185697018084251,0.5185697018084251,0.6040195143461089,0.5185697018084251,0.1094821905605935,0.2294821905605935,-0.04643922711669868,-0.02580838902915552
0.11722933166872415,0.3146853950653323,1,0,5.633729937650564,-11.783986024710458,0.15971638439554017,-0.04384263102496118,-1.034765940550586,0.764372296342938,-0.0029049335973952714,0.3146853950653323,0.2904912321539446,0.43802294906060496,0.43802294906060496,0.3146853950653323,0.43802294906060496,0.4728942036054245,0.5928942036054246,-0.02419416291138765,-0.020255470797028306
0.12096446070272407,0.2911217416709555,0,0,-2.584942646785887,3.5731969769165004,-0.686096642740802,0.19982469665158892,-1.6827854554393802,-1.6353271315491387,-1.1201860853010783,0.6548061224721821,0.6044622353681207,0.2911217416709555,0.2911217416709555,0.6548061224721821,0.2911217416709555,-0.21256169733501218,-0.09256169733501218,-0.05034388710406135,-0.03198910962022619
0.2051467089084181,0.2621186836266891,0,1,6.1300650482550285,-2.52487474294689,0.3495272676097139,-0.003258321806131569,1.0489792655557526,-0.9199898521685768,0.5746678404813418,0.665764882784745,0.6145784461487808,0.2621186836266891,0.2621186836266891,0.6145784461487808,0.2621186836266891,0.021581449769572852,0.14158144976957285,-0.05118643663596423,-0.027365965030314694
-1.6930989902853932,0.11541751620281426,1,0,-1.6215465297255791,-5.99017715906446,-0.11387055239528114,-0.9430451947409286,0.38530767071291894,-0.06601185824523254,-0.6291191941453987,0.11541751620281426,0.10654379586616224,2.688705082427671,2.688705082427671,0.11541751620281426,2.688705082427671,0.14051474591369173,0.2605147459136917,-0.008873720336652027,-0.025279940736937102
0.3918377499304902,0.5257054764610108,1,1,-5.710544690484582,2.003243305918493,0.04199908714409162,-0.129530385937392,-0.1536880685175025,-0.41259314991079943,-1.3049485388936377,0.5694899440561153,0.5257054764610108,1.1125109276573928,1.1125109276573928,0.5257054764610108,1.1125109276573928,0.4965906622702649,0.6165906622702648,-0.04378446759510446,-0.019937996454444752
0.1599315767258961,0.12706855027808747,0,1,-1.7923833937002727,-4.4746782134079535,0.07476541589487229,-0.8027143737214145,-1.0203288676440678,-0.24069984410260706,0.7340265441721783,0.24596032850527988,0.22704999980585064,0.12706855027808747,0.12706855027808747,0.22704999980585064,0.12706855027808747,0.25707972442513294,0.37707972442513293,-0.01891032869942924,-0.02338982828853081
0.8928973269834208,0.08934486537972725,1,0,5.289531869140596,4.894100560024419,0.18561350769098114,-0.531142208357589,-0.5713460578678574,0.635813262188768,-2.39673576944724,0.08934486537972725,0.08247570569773967,0.5717189942026926,0.5717189942026926,0.08934486537972725,0.5717189942026926,1.24659484106884,1.36659484106884,-0.006869159681987577,-0.012092972453418196
0.605810801137119,0.3817198178402275,1,1,0.9775030513283363,2.0778399127157,0.7973649891994805,-1.874015774930339,-1.4154079083229805,-0.5142658312632256,2.170124142930845,0.41351214214155935,0.3817198178402275,0.44735617528098215,0.44735617528098215,0.3817198178402275,0.44735617528098215,0.999029056662937,1.1190290566629368,-0.03179232430133183,-0.014262994004336182
-0.20194863160551413,0.29398713134376026,1,0,-3.446296406011504,-4.331986926151123,1.6774193600142666,0.7064877557971356,0.35654237829544994,-1.8622769680124747,0.15675816288069885,0.29398713134376026,0.27138432657073996,0.9364094794120345,0.9364094794120345,0.29398713134376026,0.9364094794120345,-0.3220308876760001,-0.20203088767600008,-0.02260280477302029,-0.034410955266731796
1.0323928915106901,0.3214043489810794,1,0,-0.5330840331038704,11.606548801088106,-0.5492215185599713,-0.8166693336227218,0.15480308997465927,-0.4711100094466988,0.8692995459688505,0.3214043489810794,0.29669360834418923,0.6667980295820027,0.6667980295820027,0.3214043489810794,0.6667980295820027,0.4201954849457371,0.5401954849457371,-0.02471074063689016,-0.020979743962054948
-0.29263069761272065,0.20936549390123393,1,0,2.9601283003133547,1.7619074949512272,-1.9359547676126674,0.07501142234598206,-0.8790972235140434,-0.40963582891569356,0.3046264194792415,0.20936549390123393,0.19326870978954053,0.5694422076082742,0.5694422076082742,0.20936549390123393,0.5694422076082742,-0.7323041952372265,-0.6123041952372265,-0.016096784111693407,-0.04523587736992599
0.24715710407770497,0.14154615633100173,1,1,8.805094289721744,5.442250959062818,-1.117307862610067,0.16423213931246486,-0.2123382052092645,-0.6605868651768887,-0.4705724860109197,0.15333512063247215,0.14154615633100173,0.31823507625051506,0.31823507625051506,0.14154615633100173,0.31823507625051506,-0.048637911820689855,0.07136208817931014,-0.011788964301470417,-0.028677504406551067
-0.31114943047935617,0.11863622521126752,1,0,-10.465093635349765,10.0254318225871,-0.15455189118692608,-0.7678365125632122,0.007094475325611389,-0.2781766216660757,-0.6112825370669608,0.11863622521126752,0.10951503876612735,0.17304366761132864,0.17304366761132864,0.11863622521126752,0.17304366761132864,0.356863103615222,0.476863103615222,-0.009121186445140164,-0.02188450794097341
0.46175780492321156,0.06657166420024746,0,1,13.016858358534268,10.869272812266606,1.5898422339029836,0.41523992256162096,-0.38271223262295445,0.14586043082470876,-1.0268201367735081,0.26035787379974645,0.2403406092150148,0.06657166420024746,0.06657166420024746,0.2403406092150148,0.06657166420024746,0.5603355550925334,0.6803355550925334,-0.02001726458473166,-0.019108450763589035
-0.3764897826377621,0.10717388594425835,1,1,0.03700205693621961,4.006669139479415,-0.4367716067785833,-0.3200774504382476,-1.2467939099098826,0.3873540479944179,-0.5056127026128259,0.11610008463588609,0.10717388594425835,0.6604498295833328,0.6604498295833328,0.10717388594425835,0.6604498295833328,0.22254626688427281,0.3425462668842728,-0.008926198691627737,-0.02393456250852341
1.6475516089415674,0.10898944450288509,1,0,5.836602023594998,-0.669175248221392,-0.3554666674474038,-0.5687198591233552,2.9590905906430995,-0.6626151501740128,-2.0686769538858276,0.10898944450288509,0.10060993780421228,0.5275464609351407,0.5275464609351407,0.10898944450288509,0.5275464609351407,1.1782684483795056,1.2982684483795057,-0.008379506698672809,-0.012656557032433196
2.017362737225639,0.08969898898672175,0,0,1.935357983946723,-7.46353441468367,-1.5999319709588355,0.7593026226954348,1.3364526916831299,-0.6817971913728537,1.2789496696354639,0.32652877598829927,0.30142405068041905,0.08969898898672175,0.08969898898672175,0.32652877598829927,0.08969898898672175,0.27504685475911045,0.39504685475911044,-0.025104725307880216,-0.023111334136269177
0.8739382541860049,0.514009688978859,1,1,1.4010830681416482,2.8273709218884155,0.7415899998425441,-0.18948013098608893,-0.26044628377053547,0.18087022641565326,0.877455822153641,0.5568200487304258,0.514009688978859,1.122405525952596,1.122405525952596,0.514009688978859,1.122405525952596,0.42705592948055876,0.5470559294805588,-0.04281035975156677,-0.020884009476109473
1.5412966494140283,0.2995230521886822,1,0,3.0955132842283124,9.561717737515034,0.3972945655950222,-0.6768083017986958,-0.1742070470263107,1.981263454721924,0.251213797296192,0.2995230521886822,0.2764946255949899,0.7795032961056083,0.7795032961056083,0.2995230521886822,0.7795032961056083,1.429295948002976,1.549295948002976,-0.02302842659369231,-0.010706207965839331
-1.539214480859047,0.5632623314167188,1,0,-7.377782274408982,0.1264289578990967,0.8693254268826153,0.5398849872492323,0.2733577439977027,0.10869890001506896,0.8973906253249794,0.5632623314167188,0.5199566654346198,0.6596047015660567,0.6596047015660567,0.5632623314167188,0.6596047015660567,-0.19082824945368432,-0.07082824945368432,-0.04330566598209895,-0.031528962102993455
-1.4213777432749946,0.19036259415860474,0,0,-6.550638956883778,-27.417724336897955,0.7186422353106833,0.2638934780115486,-0.6937625255478881,0.3855588055484719,-0.06700793646808344,0.4610904909902161,0.4256401693965083,0.19036259415860474,0.19036259415860474,0.4610904909902161,0.19036259415860474,-0.02641780198063841,0.09358219801936159,-0.03545032159370781,-0.02825582384842132
-0.321560566631213,0.009672782090832268,1,1,3.145876727067534,6.116315233490654,-0.3082559113450759,2.678775974966068,-1.5390513077078276,0.9585128590574828,-0.8626709442538306,0.010478399747436544,0.009672782090832268,0.15635531509820702,0.15635531509820702,0.009672782090832268,0.15635531509820702,2.87604401847798,2.99604401847798,-0.000805617656604276,-0.004080930570031519
0.041230965258877435,0.00014143674767759856,1,0,-8.639488204515063,7.601217737858256,0.1311954893433961,2.568587519090185,-0.9623689948240629,-0.7238726548272637,-0.01751373715160032,0.00014143674767759856,0.00013056257376095327,0.46821091474496845,0.46821091474496845,0.00014143674767759856,0.46821091474496845,2.2318364010111598,2.35183640101116,-1.087417391664529e-05,-0.006270128120186044
-0.19820741809966577,0.015923945876164063,0,1,0.8765600279971624,-2.5625889755063436,-0.8472169576313617,0.884056350940301,-0.5345294360632951,0.6540096401493369,-1.3291891318000693,0.3957922047928561,0.3653622540166924,0.015923945876164063,0.015923945876164063,0.3653622540166924,0.015923945876164063,0.6786587685743977,0.7986587685743977,-0.030429950776163672,-0.017659052532148865
-1.6421352496329535,0.04146224455859113,0,1,-4.989742602293635,4.833119428311374,-1.8068315021542254,-0.22898497895304948,-1.568507838037595,1.5182689127654503,-1.529803490494998,0.07028368965083054,0.06488002280104689,0.04146224455859113,0.04146224455859113,0.06488002280104689,0.04146224455859113,-0.22293642983835454,-0.10293642983835455,-0.005403666849783648,-0.03221112883535997
1.1515917063236467,0.24365087105214586,0,0,-1.9778674524012523,7.40881569188014,-1.0376866876706978,0.4136198854746102,-0.5863639500620061,-1.518387969867604,2.0399641600719596,0.2614203524373472,0.24132140061307064,0.24365087105214586,0.24365087105214586,0.2614203524373472,0.24365087105214586,-0.41934677609504356,-0.29934677609504357,-0.02009895182427654,-0.03671745443492486
2.1541982333569365,0.14204813922153198,0,1,12.914909855385279,-1.9102034196560624,-1.001633803159574,-0.1962578074965492,-0.20919252010603026,0.7103091519665778,0.4623524606710589,0.18118284160561987,0.16725284277092836,0.14204813922153198,0.14204813922153198,0.16725284277092836,0.14204813922153198,0.8254373683044578,0.9454373683044578,-0.01392999883469151,-0.01601292395564447
1.2809876791726227,0.027169914191102065,1,0,-2.912234108674232,11.045257047222174,-0.8268010377310057,-0.3258272174433068,-0.22692243354181574,0.748959498198562,-1.1683219148586013,0.027169914191102065,0.025080991919728544,0.03296210226779606,0.03296210226779606,0.027169914191102065,0.03296210226779606,0.9629745320328129,1.082974532032813,-0.002088922271373521,-0.014609977722209178
1.0855232687864715,0.13565811861943852,1,1,-4.120733084812642,-7.473750087983883,2.018110556755782,-0.7591833874594441,-0.008749396756593255,-1.1599894396932418,-1.2981590116406168,0.14695668552555324,0.13565811861943852,0.2641766746329537,0.2641766746329537,0.13565811861943852,0.2641766746329537,0.415213755031546,0.535213755031546,-0.011298566906114721,-0.02104953673955112
0.22611960514560306,0.23384759510979755,0,1,0.37452388954530447,0.5819645285744284,-0.874428409077624,-0.9705232176642551,-0.4142570241548305,-0.9789650287637407,0.6955524212942098,0.2576291546395759,0.2378216839535629,0.23384759510979755,0.23384759510979755,0.2378216839535629,0.23384759510979755,0.008788031415622899,0.1287880314156229,-0.019807470686013018,-0.027600366032287327
-0.842997370727137,0.4376447761821575,1,0,-4.590904183900496,-2.6171671961829563,-0.782983895318375,-0.8938154934519152,-0.3929688641172687,0.9928388786962945,0.2148761736103992,0.4376447761821575,0.4039970468044702,0.6254567187376571,0.6254567187376571,0.4376447761821575,0.6254567187376571,0.31163096720948436,0.43163096720948435,-0.03364772937768734,-0.022554480638421893
0.07252805263596762,0.3908325375564026,1,1,1.1485114342010345,-4.94575700398863,-0.09968952988746987,-1.433044769968679,-1.1427084598637094,-1.2784099400396236,1.3068512236723466,0.4233838335614385,0.3908325375564026,1.3922846851856727,1.3922846851856727,0.3908325375564026,1.3922846851856727,0.2574944954728663,0.3774944954728663,-0.03255129600503587,-0.02338336156691792
2.1055880368415036,0.03864192815957214,1,1,3.8418844920924915,5.831605104099555,0.5305631231316476,-0.8616205089241941,-0.5643716438256554,-0.8252901762373339,-0.8858612163807086,0.041860301045289317,0.03864192815957214,0.08959094117022394,0.08959094117022394,0.03864192815957214,0.08959094117022394,1.0068907710208586,1.1268907710208587,-0.0032183728857171773,-0.01418843517192498
-0.35198811250705603,0.36306097054204045,1,1,1.4294062224525765,7.83164540196322,0.46030103121618055,-0.2875362207843132,2.0811677442974634,1.2503598245169982,1.3094803404667223,0.3932992541657115,0.36306097054204045,0.4760223634715013,0.4760223634715013,0.36306097054204045,0.4760223634715013,0.4551320488943844,0.5751320488943844,-0.030238283623671036,-0.02049675039691223
-0.45495724782394165,0.9432932315381182,1,1,-0.4402504630937525,8.430308743356314,0.6713569749481262,-0.4226590705071891,0.5977908845295841,-0.34883269452865795,1.6302760507283627,1.0218573587505637,0.9432932315381182,1.3242597043782947,1.3242597043782947,0.9432932315381182,1.3242597043782947,-0.17357956283129064,-0.053579562831290645,-0.07856412721244554,-0.031168483213063765
1.1073036591039138,0.14155093690460632,0,0,-2.6821964039524397,6.096827344516694,0.40427938304992056,0.26236035860301515,0.12707266242950907,1.7402664273608581,-1.4337503338367856,0.18480382608615445,0.17059543273492211,0.14155093690460632,0.14155093690460632,0.18480382608615445,0.14155093690460632,1.4384629275389502,1.55846292753895,-0.014208393351232335,-0.010640978428580417
1.1736860507455957,0.08045575748836405,0,1,3.6586864534002483,-10.13241964028115,1.8382878276687262,-0.18615380745413765,-1.4061489758156511,-0.752209731643056,-1.6508072627235828,0.24583359839882563,0.22693301317300346,0.08045575748836405,0.08045575748836405,0.22693301317300346,0.08045575748836405,0.41934854419047285,0.5393485441904728,-0.018900585225822164,-0.02099159304036022
-0.8479018057748036,0.2024975303287159,1,1,-1.8987248990762016,-11.742352276019608,0.65365674558564,-1.0382929503465195,0.16866766620470017,1.1342170301658476,-0.6720169285661368,0.21936295584121565,0.2024975303287159,1.0283145069163424,1.0283145069163424,0.2024975303287159,1.0283145069163424,0.8628081460195705,0.9828081460195704,-0.016865425512499754,-0.015618908937273268
-0.26148461323742256,0.025375709651609436,1,1,-2.4594282826644096,-0.05405184917639261,-0.2681036930243923,-1.3033666099160157,-0.3883571089511976,2.574023625273372,0.7779331641104418,0.027489178098663133,0.025375709651609436,0.25640308002772116,0.25640308002772116,0.025375709651609436,0.25640308002772116,1.3037011617585432,1.4237011617585433,-0.0021134684470536964,-0.011641235909348922
-0.5019054959014345,0.3012295821678335,1,0,6.451887474316672,-1.052129332376897,-0.2647304188936049,-0.6116880361817151,-0.04263339565643339,0.1300507521936395,-0.4190697071457578,0.3012295821678335,0.27806995131434337,1.5149526155559219,1.5149526155559219,0.3012295821678335,1.5149526155559219,0.2871613385758591,0.4071613385758591,-0.023159630853490154,-0.022925431263620955
0.06968937906109032,0.04923677469365658,1,1,-0.9299894236680641,-3.4841406938425497,0.5300591957711293,-0.953447490060409,-0.9583876749842681,0.3701954570502046,-1.1686417535643978,0.053337561279663846,0.04923677469365658,0.27344477881382606,0.27344477881382606,0.04923677469365658,0.27344477881382606,0.8817589983943384,1.0017589983943385,-0.004100786586007266,-0.015422822455773696
1.1036866709514928,0.0007908489711658509,0,0,5.573396883934038,16.134295181564493,0.7290172528625397,-0.014280612396933458,-1.8279092187172135,0.10949912556094678,-1.6851466245889946,0.14741676244429866,0.13608282314372763,0.0007908489711658509,0.0007908489711658509,0.14741676244429866,0.0007908489711658509,0.8429141896323966,0.9629141896323966,-0.011333939300571028,-0.015827436623027234
-0.8040275211280911,0.15128059189125467,0,0,4.563875896087454,-1.6899492695565672,0.6933620096556613,-0.24871432925059608,1.8510842165068195,1.071312844372607,-1.0606925062318246,0.18917648876272808,0.17463190912890203,0.15128059189125467,0.15128059189125467,0.18917648876272808,0.15128059189125467,0.6862602521758387,0.8062602521758387,-0.014544579633826049,-0.017569788903025605
1.0896648122369366,0.06227720953655726,0,1,7.861833029281019,5.4893042665189595,-2.0207398638414173,-0.7551012567913739,-1.2212586028303711,1.825738086877094,-0.01031465928015141,0.3959646323657103,0.36552142472776195,0.06227720953655726,0.06227720953655726,0.36552142472776195,0.06227720953655726,0.6202680688700367,0.7402680688700367,-0.030443207637948333,-0.018360023706066743
0.1016512489213085,0.3311485815408411,0,0,3.6971503155382113,7.462574116122124,0.9334188041831667,-0.2850309125505859,-0.1796674882806456,-0.03262702250890829,1.1065393185924464,0.4484793502467411,0.41399861922962405,0.3311485815408411,0.3311485815408411,0.4484793502467411,0.3311485815408411,0.09500329733089388,0.21500329733089388,-0.03448073101711707,-0.026058713163807947
2.326192136314278,0.04286502948561753,1,0,4.244415460974218,3.3382160587363345,0.31162475567459863,-1.057333843476665,1.6225141380864172,-0.29281549898631315,-0.4555201238766485,0.04286502948561753,0.03956940940651867,0.4339655636748634,0.4339655636748634,0.04286502948561753,0.4339655636748634,1.401867171860629,1.5218671718606291,-0.0032956200790988585,-0.010903780977008202
0.31883088437087354,0.14546677434582583,0,0,0.4109308582952259,19.695749589111287,-2.829505302249035,0.634399591161337,0.1010126396618833,0.09992565660190209,-0.40282467111081804,0.23611897182658048,0.21796528258512193,0.14546677434582583,0.14546677434582583,0.23611897182658048,0.14546677434582583,-0.6015540456933889,-0.4815540456933889,-0.018153689241458548,-0.041459778012958116
-0.09691856962926526,0.26111862289196286,1,0,-1.08471588663667,-7.461451545295507,-0.5752178401327828,-0.36958042683042985,0.46316087112727944,0.6391177730333506,-0.23103158837459842,0.26111862289196286,0.24104286913753856,0.6623183493606954,0.6623183493606954,0.26111862289196286,0.6623183493606954,0.4218895215770202,0.5418895215770202,-0.020075753754424303,-0.020956063699791288
0.5747147271159924,0.04770996785900216,1,1,-10.307876925184033,-3.651434873568337,0.948937494316759,-0.07897418101747768,-0.5042264181236554,0.19841557490736433,-1.3593864184938602,0.05168359118084497,0.04770996785900216,0.2350859169589763,0.2350859169589763,0.04770996785900216,0.2350859169589763,0.7196608792817689,0.8396608792817689,-0.003973623321842812,-0.01718288452717744
-0.3371462378872101,0.1095449834229674,1,0,3.566677466654119,-6.271580574405658,0.23271830907924854,-1.5421821055263716,-1.0277269599837642,-2.0186914067166244,-0.17511695267150065,0.1095449834229674,0.10112276486239424,0.6514792976707376,0.6514792976707376,0.1095449834229674,0.6514792976707376,0.3305173641822722,0.4505173641822722,-0.008422218560573153,-0.02227227904046704
-1.7952731233518255,0.5323738631948655,1,0,-1.961810632209715,7.444127927464372,1.6096337023090939,-0.11707666108143513,0.6435853794331272,2.352313897312389,0.4040558481200959,0.5323738631948655,0.4914430155041828,0.6362370482529425,0.6362370482529425,0.5323738631948655,0.6362370482529425,0.3543959072375682,0.4743959072375682,-0.04093084769068267,-0.021920533145749013
-0.240521174271098,0.22390313312406937,1,1,3.9520330439849873,5.827048797347917,-0.7652120445880223,-0.6275686027358373,0.0006582082230062616,-0.6328946452609244,-0.5580869998134319,0.242551368525209,0.22390313312406937,0.5844197400720552,0.5844197400720552,0.22390313312406937,0.5844197400720552,0.059207399502122865,0.17920739950212286,-0.018648235401139635,-0.026688055949864262
-0.25629360906922505,0.12277727084986172,1,0,-2.0955956410920322,-3.5287125779503943,0.9852539092594899,1.0261562807722122,-1.646892482048664,-0.8181695179002196,-0.4640043869133926,0.12277727084986172,0.11333770568624674,0.340546142083916,0.340546142083916,0.12277727084986172,0.340546142083916,0.2781628218018404,0.39816282180184037,-0.00943956516361498,-0.02306337453004491
-1.5923174605498118,0.10363695981778592,1,1,0.8758036651962371,-9.607597115349119,0.599088946165252,1.1430755885056563,2.701967934273884,-0.4656732962826614,-0.4157287143420289,0.1122685783037568,0.10363695981778592,0.9147733734316172,0.9147733734316172,0.10363695981778592,0.9147733734316172,0.35830010816612967,0.47830010816612967,-0.008631618485970882,-0.021863552555233947
-0.07303518979449276,0.42818813034283,1,0,-7.383264879322686,10.084249111644057,0.5885700156377142,-0.6822167189548592,-0.1409618614905171,-0.41503810878354574,-2.621653921904179,0.42818813034283,0.3952674624481977,0.6333802634248107,0.6333802634248107,0.42818813034283,0.6333802634248107,0.7704648206503992,0.8904648206503992,-0.03292066789463227,-0.01661065751808389
-2.0671102246093973,0.5282011902270112,1,0,-8.692319046925697,-1.0011022328717902,0.12323323015154566,-0.18236095930279028,1.2712310502568995,0.005490407536354829,-1.2547474783141723,0.5282011902270112,0.487591152879431,0.8074180150206575,0.8074180150206575,0.5282011902270112,0.8074180150206575,-0.015974033824802614,0.10402596617519738,-0.040610037347580175,-0.02805977561893489
-0.3476868351554792,0.10675279427543402,1,1,-11.919644145373075,10.003872379802182,-0.25809887297952333,-2.091082843136628,-1.2109178351996426,0.6355059681529976,-0.24734043995366325,0.11564392147674302,0.10675279427543402,1.6671075555239632,1.6671075555239632,0.10675279427543402,1.6671075555239632,1.738365210053698,1.858365210053698,-0.008891127201308996,-0.008712663850231771
0.2435959920446723,0.1881553801497593,0,1,0.7215351079503607,0.14251196528523624,0.9225082394980657,-1.9668922508780478,-0.242461397323753,-0.47551249838778537,0.955848582613206,0.20720560711095828,0.19127488298709255,0.1881553801497593,0.1881553801497593,0.19127488298709255,0.1881553801497593,1.3085616288562603,1.4285616288562601,-0.01593072412386573,-0.011603575728247962
0.0969961771382324,0.5563614722373039,1,1,-2.9955682847691074,3.5068657089994275,0.6727627681666226,0.642252150088298,1.5414100380841014,-0.36808710928656624,1.335080835300719,0.6026991878272718,0.5563614722373039,1.6799060603879756,1.6799060603879756,0.5563614722373039,1.6799060603879756,0.18121316404494517,0.30121316404494514,-0.04633771558996791,-0.024603259797552898
-0.41106947288681817,0.27066075120050653,0,0,-3.5165806072260013,2.0451758308826813,-1.044206150879736,-1.0808777497656938,0.7527465714983388,-1.5047407384088016,0.5727656284189578,0.2844436701593973,0.26257460155034823,0.27066075120050653,0.27066075120050653,0.2844436701593973,0.27066075120050653,-0.25660316216382734,-0.13660316216382734,-0.02186906860904908,-0.03294226543783515
-0.08553040194807149,0.198950851035699,1,1,1.1257297925643928,-4.678916926861377,0.10131319372132609,1.0718527286548727,-0.05944396495488946,0.056048946295527126,0.5092649929249059,0.21552088402989983,0.198950851035699,0.5633417327595208,0.5633417327595208,0.198950851035699,0.5633417327595208,0.539460530323709,0.659460530323709,-0.016570032994200817,-0.019376236038418433
-0.7840644374778307,0.1740348777685038,0,0,-2.744944423522199,-2.373411589096651,-0.6626495500597784,-0.7062063074902213,0.47442943984341945,-0.02928780913063744,-0.40731391730428035,0.5573634789881091,0.5145113383328477,0.1740348777685038,0.1740348777685038,0.5573634789881091,0.1740348777685038,0.12530771423360998,0.24530771423360997,-0.04285214065526144,-0.025537532840875694
0.010816519422534776,0.08838966609698436,0,1,-8.123439679258293,-8.383857709785298,-0.08278409969766753,1.59455950783833,-0.4430184067398925,-0.4720196132820156,-1.707444224662495,0.11431987964935257,0.10553054962127027,0.08838966609698436,0.08838966609698436,0.10553054962127027,0.08838966609698436,1.2509317665186137,1.3709317665186136,-0.008789330028082298,-0.01205805873713719
0.05808640659177093,0.07169844653993797,0,1,12.50041822665701,3.4305860918010533,-0.042352938157114994,0.656883511240392,0.8361981156808681,0.10821760163053258,0.9558335730808833,0.6415608001778274,0.5922352618450425,0.07169844653993797,0.07169844653993797,0.5922352618450425,0.07169844653993797,0.3139283992545554,0.4339283992545554,-0.04932553833278486,-0.02251996215540709
-0.9002499779015097,0.09415723510899322,0,1,-2.2491705685728514,3.1676703845289245,0.7312304018802419,1.1129502296922626,0.9843026554775617,1.5699781961072512,-0.16969316656624964,0.2015316732755705,0.18603718191532986,0.09415723510899322,0.09415723510899322,0.18603718191532986,0.09415723510899322,0.9870518801220624,1.1070518801220623,-0.015494491360240642,-0.014377336829688687
0.2676992005090977,0.10539815530717765,1,1,-4.382222693113361,6.940459512665934,-1.3270580423615084,0.6637187436854202,0.7805531893227763,1.5699953933811395,1.281290356169706,0.11417645860106237,0.10539815530717765,0.19846769218440444,0.19846769218440444,0.10539815530717765,0.19846769218440444,0.4218865519754669,0.5418865519754669,-0.008778303293884723,-0.020956105187271937
0.2614526550804537,0.10047314418336509,1,1,-3.0802646108495555,5.629965026876368,1.9454724558645653,0.619853980326533,0.22881059193862816,-1.3849831213257466,0.30809653451408037,0.10884125774248089,0.10047314418336509,0.964570003874754,0.964570003874754,0.10047314418336509,0.964570003874754,-0.19769135067956214,-0.07769135067956215,-0.008368113559115806,-0.03167355026412444
-0.1662099135810711,0.31718733495409246,0,1,-1.1489682476127256,-1.3584988170345642,-0.5525033568713179,0.21151001343247092,0.05451318630965609,0.47173358885013494,-0.09733070953851063,0.4182781568509569,0.38611940392559146,0.31718733495409246,0.31718733495409246,0.38611940392559146,0.31718733495409246,0.27339829137289845,0.39339829137289845,-0.03215875292536541,-0.023136748432246033
2.421047036286818,0.01062718569008673,1,1,4.241874983729911,14.433370958706918,0.9350201907325847,-2.723154312875058,0.18999357515784446,1.202489779152562,1.8700485084562146,0.011512292823851336,0.01062718569008673,1.0969861131420893,1.0969861131420893,0.01062718569008673,1.0969861131420893,3.43420557581665,3.55420557581665,-0.0008851071337646066,-0.0028129038220784906
-0.1407023866843086,0.04519369078412124,1,0,5.330676653928093,6.274714442433036,0.7319613383850628,1.6848830225825389,0.16893599575874238,0.002862575927063058,0.5294156432277516,0.04519369078412124,0.04171903471636537,0.06485693176448204,0.06485693176448204,0.04519369078412124,0.06485693176448204,1.1041103799875704,1.2241103799875703,-0.00347465606775587,-0.013298006484722487
-0.2792342453730181,0.15983602898454663,0,0,-0.21224996556696862,10.456824005354372,-0.0031942828910650643,-0.7823574680173606,-0.5152402441318994,-1.1121529060761572,0.5283770948652446,0.2688326264914887,0.24816379195634616,0.15983602898454663,0.15983602898454663,0.2688326264914887,0.15983602898454663,-0.09824369450847703,0.021756305491522965,-0.02066883453514254,-0.02964174045842943
-0.4223931092077327,0.02321978332746175,1,1,8.3795294800976,10.069147165135346,0.011391812500477263,-0.3602861167580975,-0.5666837568372902,0.5050563461996265,0.7804481806100702,0.02515369099285393,0.02321978332746175,0.7784334935968268,0.7784334935968268,0.02321978332746175,0.7784334935968268,0.1313519078256286,0.2513519078256286,-0.001933907665392181,-0.025434837355390743
-0.9709392230763997,0.5939462368263377,1,0,-1.975027762099652,-2.050618771795385,-1.1305139965051827,-1.2876846697756177,0.954509955621015,-1.3751332384885957,0.5474868338224844,0.5939462368263377,0.5482814800892204,0.6619665710973869,0.6619665710973869,0.5939462368263377,0.6619665710973869,-0.25529398532280434,-0.13529398532280434,-0.04566475673711734,-0.03291352648045062
0.6858973598434033,0.3779545592344393,1,0,2.8459038198830626,3.312154992332349,1.6169091987540132,1.6192348033931345,0.7378725906320917,0.7088095153221207,2.251907450196455,0.3779545592344393,0.34889603182066686,0.49825369993592666,0.49825369993592666,0.3779545592344393,0.49825369993592666,1.0686196737622282,1.1886196737622283,-0.02905852741377246,-0.013616395341022675
-0.6862469680194502,0.2548517842806308,1,0,5.315806430392946,4.764635362288251,-2.3343956628937708,-0.4643356760806351,0.8484918490766015,-0.33728700784195703,1.2397783086070346,0.2548517842806308,0.23525784797525098,0.4362272632531983,0.4362272632531983,0.2548517842806308,0.4362272632531983,-1.0942386877651251,-0.9742386877651251,-0.01959393630537984,-0.057580281889973016
-0.5679481469977529,0.29503555862641667,1,1,4.631260383613553,-9.00222109549982,-0.039354060310192646,0.13174386033759755,-0.27467466424593767,-0.5225109588080608,-0.5471099631476519,0.3196082051642542,0.29503555862641667,0.29674756494569327,0.29674756494569327,0.29503555862641667,0.29674756494569327,-0.0038937955137215985,0.1161062044862784,-0.024572646537837528,-0.027834703957569526
-0.5382415595385981,0.30298108849991007,1,1,6.2576177260822,-9.696450403868411,0.2711662968367763,-0.7745649658228669,0.9532048834912875,0.6532259246028234,1.0994164409698404,0.32821549492203467,0.30298108849991007,0.7905478554015059,0.7905478554015059,0.30298108849991007,0.7905478554015059,0.3549654034501374,0.4749654034501374,-0.0252344064221246,-0.02191221228501251
-0.9849435158485111,0.20840868945179666,0,0,-1.8915910936851392,-12.089188939817738,-1.1289243559929987,-1.6994765467864439,-0.004185755631763539,2.898800613559521,1.2662087780945706,0.35306948055032844,0.3259242089062465,0.20840868945179666,0.20840868945179666,0.35306948055032844,0.20840868945179666,1.2505982700055096,1.3705982700055097,-0.027145271644081925,-0.012060739915543128
-1.751083332544723,1.4849435784005898,1,0,-1.769230292549499,-2.9881888922350894,-0.5544463085067131,0.424512134431341,0.7275869074436836,-1.3683882407328614,1.3696258690346048,1.4849435784005898,1.3707756906834492,1.4957121624020662,1.4957121624020662,1.4849435784005898,1.4957121624020662,-0.9598492254291404,-0.8398492254291404,-0.11416788771714059,-0.05264583909405649
-0.4629398671591936,0.14394859969161808,0,0,-12.914221098802715,-3.6570246858763515,-0.1674241268209407,-0.09068084460786036,0.02378465943385564,1.1445401393078949,-0.755182158201408,0.4919037873975257,0.4540844269961523,0.14394859969161808,0.14394859969161808,0.4919037873975257,0.14394859969161808,0.5652477445621935,0.6852477445621935,-0.0378193604013734,-0.019045976893501886
0.8733353127122913,0.14210962886287162,0,1,0.49698577250445397,-8.12672973116142,-1.7069700047844523,0.3229552929000445,-2.043658086173129,-0.3011035951355401,1.1868742898588183,0.7242289152901243,0.6685475502301759,0.14210962886287162,0.14210962886287162,0.6685475502301759,0.14210962886287162,-0.3629208286920785,-0.24292082869207848,-0.05568136505994847,-0.03536189901182862
0.19697980546524393,0.013472234842627428,1,0,4.434788849933666,0.09170320844771429,0.5790939035087382,1.042356065725276,0.620351365202829,2.410334488783408,-0.588239627656815,0.013472234842627428,0.012436440205588963,0.37520356265131904,0.37520356265131904,0.013472234842627428,0.37520356265131904,1.5812237146151138,1.701223714615114,-0.001035794637038465,-0.009674935567543414
1.5605752701881253,0.3049966150322078,1,1,7.600843587350467,1.3566364346734097,0.3981316770083233,-0.43812047121265035,0.9568012699148709,-0.06157487605049596,1.7188448794440452,0.33039888874902856,0.3049966150322078,0.6150635875452813,0.6150635875452813,0.3049966150322078,0.6150635875452813,0.5241578062445468,0.6441578062445468,-0.025402273716820745,-0.01957492058265847
0.7509563049891836,0.06536788719196612,1,1,0.5864423570275646,9.713057517451407,-0.5308159554019765,1.4071265257169843,0.5931395305439708,-0.032461069086980585,0.5424423378599244,0.07081218683629245,0.06536788719196612,0.7464716885371403,0.7464716885371403,0.06536788719196612,0.7464716885371403,0.9979510898083467,1.1179510898083467,-0.005444299644326328,-0.01427324771146962
0.5239648102740447,0.2376400732563557,0,1,8.63382654153899,15.914262636416563,0.26126438752919223,0.35595468025181004,-0.2068710730943909,-0.7015885075549914,-0.3350711199625306,0.8059662972072063,0.7440006635886817,0.2376400732563557,0.2376400732563557,0.7440006635886817,0.2376400732563557,0.32076433323147513,0.4407643332314751,-0.061965633618524585,-0.022417565674850884
1.882649022652715,0.03675608706675494,0,0,0.9151077011414506,6.936337881431209,-1.6831449779482226,0.8419483325326256,-1.2351639721754797,-0.21764705523569966,0.6480450414810331,0.3450420196217174,0.31851392850306565,0.03675608706675494,0.03675608706675494,0.3450420196217174,0.03675608706675494,0.34725314537443647,0.46725314537443646,-0.02652809111865173,-0.022025164164972147
-0.09714559500321131,0.030412378738195894,1,1,-3.0750141693565345,-5.530403259295694,0.8393967170999113,-1.7746519368372387,-0.09184807522507778,0.45974469944882207,0.052016109262326755,0.03294533658432048,0.030412378738195894,1.9214759527776035,1.9214759527776035,0.030412378738195894,1.9214759527776035,1.4272600261983286,1.5472600261983285,-0.002532957846124586,-0.010720749166684756
0.06307567350495229,0.33348286238293795,1,1,-3.018226344370354,5.104248882248707,1.3440749576735447,-0.8218068999146023,-2.0490411301901967,0.8103260167685212,-0.5370861196184876,0.36125767211066456,0.33348286238293795,0.847232289723598,0.847232289723598,0.33348286238293795,0.847232289723598,0.6758675266874843,0.7958675266874843,-0.027774809727726613,-0.01769194358302484
-0.011464421660137695,0.8266222784427295,0,0,-3.500912115372476,0.4073800257916439,-1.758540597585998,-0.15851239056647382,1.2305579759317014,-1.2632526178126982,2.3359959539472674,0.9314592968677654,0.8598453029324364,0.8266222784427295,0.8266222784427295,0.9314592968677654,0.8266222784427295,-1.0378538856334938,-0.9178538856334938,-0.07161399393532897,-0.05545602213660371
1.5437867311835498,0.09241663926108681,1,0,5.029982372126611,1.0593571170694087,-0.8378815945366619,0.08701085412574988,-1.2191324178476084,0.041610348696014196,-0.13374782175867694,0.09241663926108681,0.08531131038002616,0.3330022497923135,0.3330022497923135,0.09241663926108681,0.3330022497923135,0.5398292509314135,0.6598292509314135,-0.007105328881060649,-0.01937147367875105
0.0025153164590909433,0.155256194644298,1,0,0.7716114671989452,-5.696270818108321,-1.4894939023310871,2.82582696895091,-0.4953371690186946,-0.49446255730602856,0.9690358793536544,0.155256194644298,0.14331953115393672,0.26972104816011255,0.26972104816011255,0.155256194644298,0.26972104816011255,2.1656691268691026,2.2856691268691027,-0.011936663490361266,-0.006552903961999171
-0.6482773740771043,0.14462971715020506,0,0,-0.0034808320350299127,-4.277523248785476,1.8142548833484688,1.1264368680043029,-1.2011801230265864,0.21390900949466274,-1.8813724823849947,0.5181023548285335,0.4782687528436282,0.14462971715020506,0.14462971715020506,0.5181023548285335,0.14462971715020506,0.68830866716175,0.80830866716175,-0.03983360198490532,-0.01754581179917929
0.5876755379628518,0.01745999947578918,1,1,-0.6659865857921476,-0.21395794736301887,0.9017050813223565,-1.635188138530462,-0.803201323609237,-0.0032015040313106763,0.44500656114101217,0.018914191633733972,0.01745999947578918,0.744517926437683,0.744517926437683,0.01745999947578918,0.744517926437683,1.2138745571754548,1.333874557175455,-0.0014541921579447926,-0.012359660913882735
-0.816259811057028,0.0759568312177676,0,1,-2.4408465403498307,4.13256020960952,-0.2609346233953191,1.5190836767328817,0.7232395821922794,0.6447247540642086,-1.2294009019846637,0.1689488422791991,0.15595943801102624,0.0759568312177676,0.0759568312177676,0.15595943801102624,0.0759568312177676,1.192300013340617,1.312300013340617,-0.012989404268172855,-0.012538714860315296
0.5334715126139251,0.10637093225145433,1,0,-9.330485626257586,2.9231847976724485,1.6993678975454027,-0.8030651442785116,1.737542432987094,2.0221950569255713,0.5126565323637751,0.10637093225145433,0.09819274634170287,0.7369308947759987,0.7369308947759987,0.10637093225145433,0.7369308947759987,1.1163075658187687,1.2363075658187688,-0.00817818590975146,-0.013190312760722035
0.4138409341418349,0.05378523373566422,1,0,3.577666474497918,13.551409303962037,1.0320130976794208,-3.0829197630568688,-0.1950024154903774,1.1021656399195396,0.9245102683140846,0.05378523373566422,0.04965002845561758,0.8458002848948071,0.8458002848948071,0.05378523373566422,0.8458002848948071,3.73369280946083,3.85369280946083,-0.0041352052800466416,-0.0023037982701559125
-0.18940266780649592,0.25128315943378793,0,0,-0.8698124209769471,5.44949508034621,-1.2197233380998775,-0.29372203986787376,-2.5363655052011467,0.41299284017275345,-1.8833284012268237,0.45322429611648124,0.4183787563247009,0.25128315943378793,0.25128315943378793,0.45322429611648124,0.25128315943378793,0.22692315239504243,0.34692315239504246,-0.034845539791780344,-0.02386482507569005
0.5658115720868266,0.1677645492513786,1,0,-5.484238703486743,3.8312737962623302,1.1304778427875717,1.182724860717409,-0.47436681440649864,0.5212759304540885,-0.2170987240605085,0.1677645492513786,0.1548661977581334,0.37500219082229225,0.37500219082229225,0.1677645492513786,0.37500219082229225,1.0504868715178661,1.1704868715178662,-0.012898351493245197,-0.013781996531595425
-1.4877899303083517,0.1937002919064211,1,0,-2.4258525460850233,-4.174209995762318,0.24190839501486613,-1.14725942324315,0.6224926232399093,-1.6411852302244163,-1.8299301623293818,0.1937002919064211,0.1788079057586803,0.8377279485465192,0.8377279485465192,0.1937002919064211,0.8377279485465192,0.1533137799750603,0.2733137799750603,-0.0148923861477408,-0.02506515251897051
0.16296212132498594,0.33874569163163326,0,1,-0.01330662392414883,-7.101219392448271,-0.12192831666699186,-0.2112432796112795,0.27230173055175044,-0.6495074902363289,1.8856916657855893,0.5336605163296526,0.4926307460450345,0.33874569163163326,0.33874569163163326,0.4926307460450345,0.33874569163163326,-0.2280852994564952,-0.1080852994564952,-0.04102977028461813,-0.032321886086575456
-0.46276538466673195,0.04809904374272173,0,0,7.649352717608176,-5.35303377637919,0.16060498937944198,0.23288177851622544,0.19723387740704562,1.002909868948078,0.5760174144844643,0.07853589082638811,0.0724977645998751,0.04809904374272173,0.04809904374272173,0.07853589082638811,0.04809904374272173,0.3428845557612648,0.4628845557612648,-0.0060381262265130076,-0.022089403600408557
2.862263577284521,0.09757077416032187,1,1,-1.4053461810344574,0.5407236520774257,0.44201789970827926,0.7359841048655908,-1.8246146370471914,-1.7868476505857773,-0.07605874530144384,0.10569715783091069,0.09757077416032187,0.4741219265537788,0.4741219265537788,0.09757077416032187,0.4741219265537788,0.5979457170374901,0.7179457170374901,-0.008126383670588821,-0.01863529278291144
0.1558250696402078,0.15370254410633655,1,1,1.0727755525911036,-18.877895920639705,-0.19767388268190214,0.5798098440482081,0.020016902183505356,0.5818649344542106,-1.2455952695612857,0.16650397829913433,0.15370254410633655,0.22094715662247041,0.22094715662247041,0.15370254410633655,0.22094715662247041,0.7954883882205078,0.9154883882205078,-0.012801434192797778,-0.01633585083202007
-0.5963920497834372,0.32580014186676926,1,0,-4.922550896829268,-7.674238163673408,-0.01074457040869473,-1.3410567379577842,0.38685793437140087,-1.8782850423633206,0.34831009854087963,0.32580014186676926,0.30075143661229964,0.6717579054244873,0.6717579054244873,0.32580014186676926,0.6717579054244873,0.05705683181126908,0.17705683181126908,-0.025048705254469616,-0.026726346372592275
-1.3783017360530818,0.27134717316096857,1,0,-4.579015402764602,9.32060145454383,-1.4689993808971122,-0.3835277932217955,0.894927691449249,0.22737998859841746,-1.645660223724301,0.27134717316096857,0.2504850110906951,1.414670531301202,1.414670531301202,0.27134717316096857,1.414670531301202,-0.1544286057579019,-0.03442860575790191,-0.02086216207027347,-0.030773075208677465
1.3054061967942658,0.08642559371096632,1,0,3.765788233706533,5.315170047581632,-0.6723938446940241,-1.501378525476802,-1.6947584996051934,0.1176631761339743,0.5602983435601032,0.08642559371096632,0.07978087830076303,0.12945486008677712,0.12945486008677712,0.08642559371096632,0.12945486008677712,1.1349122894274188,1.254912289427419,-0.006644715410203297,-0.013027721749897104
-0.35003271952377785,0.483526261947141,1,0,-2.2177918148575024,-3.2629901415268168,0.4406059207156895,0.6026268148797509,-0.011910850885818457,-0.2733902187499678,-1.0730693270623144,0.483526261947141,0.44635099631063213,0.5148984740128025,0.5148984740128025,0.483526261947141,0.5148984740128025,0.41010891881951034,0.5301089188195103,-0.03717526563650886,-0.021121295066724895
-0.7913520670754193,0.08404250689287796,1,0,-0.8420305876724068,2.0299479985318647,-0.4400796717504989,-1.3213483853261705,-0.8451655271269194,0.08892687043804186,-0.1178060875409223,0.08404250689287796,0.07758101190412714,0.15969153436011035,0.15969153436011035,0.08404250689287796,0.15969153436011035,0.5039762673905359,0.6239762673905359,-0.0064614949887508155,-0.019840068292728504
0.3362992140090596,0.3410401233377607,1,0,2.0811098449433456,-13.544124370423757,3.064728037894776,-1.3457955975050075,-0.12509872083178206,-1.4237321112037242,-0.3877858759699509,0.3410401233377607,0.31481971262680125,0.6270188017046159,0.6270188017046159,0.3410401233377607,0.6270188017046159,-0.09687847986473923,0.023121520135260767,-0.02622041071095943,-0.029614774506301962
0.6497188314056536,0.04283272098565689,1,0,-1.9119717764047204,3.3190171735692777,-0.34709318211518453,0.8448800262331382,-0.4496665392179212,-0.19131960005615892,-0.4303179624722195,0.04283272098565689,0.03953958490207776,0.5036635790992561,0.5036635790992561,0.04283272098565689,0.5036635790992561,0.6458034377078827,0.7658034377078827,-0.003293136083579125,-0.018050115743604413
0.633952933209529,0.04676455235095169,1,0,5.839173805679578,10.600921900872288,-1.401051744057209,-0.6521023717931075,-0.3819367150838177,0.07382588340638456,0.5589472872248251,0.04676455235095169,0.043169122706617075,0.20220357661520239,0.20220357661520239,0.04676455235095169,0.20220357661520239,0.1289412280940903,0.2489412280940903,-0.0035954296443346176,-0.02547574705123543
0.01975042305936161,0.6227119411792765,0,1,-2.104991701371335,-0.46556208762102985,-0.2345965097110292,-0.2521762639813468,-1.720813158487053,0.5397345172563511,-0.6958978871500408,0.6885248871627861,0.635588578233982,0.6227119411792765,0.6227119411792765,0.635588578233982,0.6227119411792765,0.43324778365040184,0.5532477836504018,-0.05293630892880419,-0.020797979998157034
0.15919013688671996,0.14524876793202277,0,1,-0.8362682557321464,-12.335918535388677,0.7471232382297756,1.3164399478541957,-0.18791502669300522,-1.0233112807658922,-0.016698613086298133,0.26118125114623575,0.2411006823028035,0.14524876793202277,0.14524876793202277,0.2411006823028035,0.14524876793202277,0.5942320916372841,0.7142320916372841,-0.02008056884343226,-0.018681486272167733
0.23203707568070275,0.15330536673606887,0,0,2.031205981061137,-2.7299668172454465,0.34870199801863844,-0.3155200012467209,-0.5640384093793239,0.5635322106974137,0.49757827469419513,0.22382362930948146,0.20661525092316524,0.15330536673606887,0.15330536673606887,0.22382362930948146,0.15330536673606887,0.42778810542728085,0.5477881054272808,-0.017208378386316225,-0.020873818117328014
0.33639626562887337,0.1500865566122701,1,0,2.7384157105877307,10.070766844747661,-0.3462896403271577,-1.6540661652606898,0.4563781853794524,-0.7673271934413766,0.21434107537030897,0.1500865566122701,0.1385473537816697,0.6174693070472295,0.6174693070472295,0.1500865566122701,0.6174693070472295,0.9873877906587897,1.1073877906587897,-0.011539202830600392,-0.01437411752421425
0.4248851959014823,0.04496069982138032,1,0,4.644786620262364,2.280524257439906,0.15115723167903694,-1.8889474270426652,0.0810816844115734,0.5145325253744555,0.6371524153104868,0.04496069982138032,0.04150395695009887,1.2665674347047315,1.2665674347047315,0.04496069982138032,1.2665674347047315,1.6465051919907066,1.7665051919907064,-0.0034567428712814485,-0.009262903887789211
1.094452751305546,0.13096701462518723,1,0,3.865347831994348,-9.541829001450322,0.1173657510963127,-1.97718604394959,1.2770810621866373,0.41102266754258043,-1.2033193293704774,0.13096701462518723,0.12089779203796792,0.6574136382066832,0.6574136382066832,0.13096701462518723,0.6574136382066832,2.3468339632672657,2.466833963267266,-0.010069222587219304,-0.005807392917139605
0.05641486202585029,0.26596546391710235,1,0,2.974341677000245,17.559352145705283,-0.7877630401582735,0.23122420929452067,0.6797841932982557,-0.4879628563477017,0.8255254073790749,0.26596546391710235,0.24551706731618222,0.4359846567222656,0.4359846567222656,0.26596546391710235,0.4359846567222656,-0.13431759196560156,-0.014317591965601562,-0.020448396600920127,-0.03036324356447644
-0.8168032658303619,0.11197638912607914,1,0,-1.8229700692431483,-9.068422087303972,-1.7927668291001777,-1.0424590110937872,-2.0643640098420826,-0.8974051428696932,1.5080771845440948,0.11197638912607914,0.10336723521163439,0.4080770174180291,0.4080770174180291,0.11197638912607914,0.4080770174180291,-0.918481116900884,-0.798481116900884,-0.00860915391444475,-0.05121377131552346
-0.14429170310403433,0.010105227434840084,1,0,-5.864113917572013,-1.8331368798139671,2.0578022345854023,0.23459046823044263,-0.6384292072685546,-0.22163990085094343,0.4733398908330222,0.010105227434840084,0.009328300629055574,0.306845764567465,0.306845764567465,0.010105227434840084,0.306845764567465,-0.19189359806490733,-0.07189359806490733,-0.0007769268057845093,-0.03155136294761453
0.7537808187349968,0.5477586927337191,0,0,-4.718999435175997,-6.498916760245194,-1.5629808516390824,-0.5724991759812048,1.434893074450249,-1.0457100693283625,-0.7490248992615429,1.046268012162661,0.9658271047288041,0.5477586927337191,0.5477586927337191,1.046268012162661,0.5477586927337191,0.0830478782988324,0.2030478782988324,-0.08044090743385701,-0.026267238285197832
-1.7865279583848457,0.047434209457088705,1,0,-10.761344536716926,-10.056667519356445,0.013193655981440497,0.28314225950470917,-0.6250040461994723,0.07696438325195544,0.6079395337394395,0.047434209457088705,0.043787294127766135,0.2658456528044993,0.2658456528044993,0.047434209457088705,0.2658456528044993,-0.38396186117025377,-0.2639618611702538,-0.00364691532932257,-0.035861428268465105
-1.7807521953719612,0.25751840631389533,0,0,4.855282699254223,-6.829590130414442,1.9614518237636474,-0.1262443794347809,-0.041297315340562746,1.5274523459795106,-0.5491658582980953,0.5888295229144751,0.5435581578373961,0.25751840631389533,0.25751840631389533,0.5888295229144751,0.25751840631389533,0.1628877763087711,0.2828877763087711,-0.04527136507707896,-0.0249056795393866
0.9182761213923244,0.17725706052175,0,1,-8.775725519730448,5.624520275126617,-1.3243530327621809,0.2502489756589624,1.076175025087915,0.36104713519968545,-0.09701565754724577,0.21885336408212763,0.20202711784591784,0.17725706052175,0.17725706052175,0.20202711784591784,0.17725706052175,0.4295364149468239,0.5495364149468238,-0.01682624623620979,-0.02084950302689949
1.5201228168513279,0.4299144490147334,1,1,8.835562473081989,11.940540603088056,-1.4483933731348388,-0.058369245268373136,1.2331549263163366,-1.2341170815392215,-0.24474717380327135,0.46572076282426605,0.4299144490147334,0.553228973698619,0.553228973698619,0.4299144490147334,0.553228973698619,0.10894776396665548,0.22894776396665548,-0.03580631380953264,-0.02581758579368602
-1.2652000350194736,0.24945018447673623,1,0,-5.284152950831567,-4.965904942803435,-0.38748473215836077,-0.6977045706377453,0.24792300451900576,0.4433052412560076,0.4328269047934368,0.24945018447673623,0.23027154289963706,0.7905380841522608,0.7905380841522608,0.24945018447673623,0.7905380841522608,0.015621132939080073,0.13562113293908007,-0.01917864157709917,-0.027474921239432657
0.10045927083289502,0.6351246768743006,1,0,7.555311036949682,-6.99933412660149,-0.976809763615125,-1.6459836943336827,0.2623884365307285,-0.5059190414826519,1.8383123796867857,0.6351246768743006,0.586293971216197,1.1324936828313332,1.1324936828313332,0.6351246768743006,1.1324936828313332,0.4992105334179836,0.6192105334179836,-0.04883070565810366,-0.01990320352651603
-0.39954511291701506,0.08755264391374058,0,1,-12.481043401076619,2.94003854506502,1.8845096960149461,1.99068979439604,-0.9401109010347132,0.5693690867420935,0.870952517251484,0.22014995538533821,0.2032240224724943,0.08755264391374058,0.08755264391374058,0.2032240224724943,0.08755264391374058,1.2562623684578422,1.3762623684578421,-0.016925932912843916,-0.012015283646955706
-0.26083011224162383,0.23573092848711508,0,0,-1.1160642061248889,2.796073103345761,0.7583542335444021,-0.3543979441938586,1.279164902965326,0.0004749863665227949,0.1281061249354394,0.3725478394384957,0.3439050003966992,0.23573092848711508,0.23573092848711508,0.3725478394384957,0.23573092848711508,0.29068194642025574,0.41068194642025574,-0.028642839041796486,-0.022871686724013646
0.3055310087564156,0.07056585761905848,0,0,7.38022804661166,2.2959254051764644,-1.5378334517771435,0.6447649695729887,-0.2604117135724109,0.4647788621005251,0.23511369980461824,0.07234600963978507,0.06678378409433072,0.07056585761905848,0.07056585761905848,0.07234600963978507,0.07056585761905848,0.1364934426061521,0.2564934426061521,-0.005562225545454352,-0.025347803868570884
-1.292870229010749,0.24259596700654693,1,0,1.2050291289023414,-0.21983249194799503,0.18093657666377086,-0.045713572466684164,0.786599734660454,-0.1988925368850661,-1.4551974194529833,0.24259596700654693,0.22394430271121646,0.9349632643120649,0.9349632643120649,0.24259596700654693,0.9349632643120649,0.1311122460889626,0.2511122460889626,-0.018651664295330467,-0.025438901518251813
-1.1072175004924012,0.2175751088701927,1,1,-3.1384199140974776,-1.621678128192856,0.5689556063739339,-0.8090055249116386,-1.3242618426821398,-1.0222433341425983,0.2833323793569209,0.2356963016870509,0.2175751088701927,0.321170327913697,0.321170327913697,0.2175751088701927,0.321170327913697,-0.2707867102965915,-0.15078671029659152,-0.0181211928168582,-0.03325523491679852
-0.30125117292122516,0.049140969353486136,1,1,-9.257005733617346,-0.12869276159258958,-0.0965188030948501,-2.1326830296728474,-0.3836559430526696,1.1692312249747645,-0.4512956709333788,0.053233776593643,0.049140969353486136,0.18175070135926727,0.18175070135926727,0.049140969353486136,0.18175070135926727,2.087488925892864,2.2074889258928643,-0.0040928072401568635,-0.006903499371659537
-0.1453755978941602,0.13720650707948584,1,1,-7.862862131240921,-2.3920858082929,-0.1654765534275925,1.0429914373271527,0.7954892582045359,1.021751087651711,-2.772553610053703,0.1486340347200597,0.13720650707948584,0.40336772993827524,0.40336772993827524,0.13720650707948584,0.40336772993827524,1.4185678927389094,1.5385678927389095,-0.011427527640573865,-0.010783053633615524
-1.1259551056841715,0.9277683028541852,1,0,4.518735725463964,5.340785202238321,1.7335230384421108,0.636400435427929,2.46147641402415,-0.7823260307742839,-1.7634506056489103,0.9277683028541852,0.8564380860240853,1.9494245214425168,1.9494245214425168,0.9277683028541852,1.9494245214425168,0.18898029004150466,0.3089802900415046,-0.07133021683009988,-0.02447619132124474
0.7896476747891843,0.3447865189531467,1,1,-0.40283465539408336,16.86239578107972,0.007218456725176393,-0.2753723297571609,0.6536639836148213,1.0749283445863558,-0.08729414487949709,0.3735027770906107,0.3447865189531467,0.9613337696469489,0.9613337696469489,0.3447865189531467,0.9613337696469489,0.9069301565455415,1.0269301565455415,-0.02871625813746398,-0.015166174980896124
-0.41756097311103335,0.3326357155012532,0,0,-0.7940390612313237,1.0196017314465549,-0.24070804581272578,0.5227198195161272,-0.25632866569249774,-0.3399821008967875,1.037134938675286,0.37197991075067693,0.34338073614139175,0.3326357155012532,0.3326357155012532,0.37197991075067693,0.3326357155012532,-0.14065007278918307,-0.02065007278918307,-0.028599174609285183,-0.030491697623060407
-0.4218176060668454,0.06729770270290772,1,0,0.26673312082671874,0.16684095704159224,1.2597778569035725,1.0839662438630937,-0.16822971272552553,-2.139788987753183,-0.1482060863928482,0.06729770270290772,0.06212360943932221,0.44979645343970026,0.44979645343970026,0.06729770270290772,0.44979645343970026,-0.13162197752491456,-0.011621977524914562,-0.005174093263585512,-0.03030872749870045
0.28265879022990076,0.3653420605263643,1,1,-6.110620419108507,2.5742640700278314,-0.7579800126770487,-0.12972501901058803,-0.6710908927176088,-0.020739855465601982,-1.0392756292315644,0.3957703294459325,0.3653420605263643,0.5669467962760618,0.5669467962760618,0.3653420605263643,0.5669467962760618,0.34616668471025397,0.46616668471025396,-0.03042826891956818,-0.022041122926788413
-0.1289082760674993,0.16988465706865738,1,1,1.5561461262582044,-4.474971222319019,-1.2807174367183787,1.222691482570892,-0.9696576133676534,0.00033162525635355324,0.9545148466028355,0.18403385199887176,0.16988465706865738,0.24065059288362467,0.24065059288362467,0.16988465706865738,0.24065059288362467,0.1403062270658939,0.2603062270658939,-0.014149194930214382,-0.02528345521061933
0.8374768129058131,0.08259080239754113,1,0,-0.8754388564408448,6.46913461379337,0.9143041262295727,0.7948482049153512,0.3028665145015353,0.7240033085368497,1.3730881326061544,0.08259080239754113,0.07624091975435877,0.13810487550755937,0.13810487550755937,0.08259080239754113,0.13810487550755937,0.7079281212000552,0.8279281212000552,-0.006349882643182356,-0.017317813286285177
-0.9334225378006665,0.03279698241877468,1,0,0.20340769897107935,1.6423347159339854,0.4250225939953734,-1.8372023468141836,-0.5285332061500967,0.6963700717220878,-0.6270959337094042,0.03279698241877468,0.030275430582926005,0.21527034489704858,0.21527034489704858,0.03279698241877468,0.21527034489704858,1.4273682653086501,1.5473682653086502,-0.002521551835848672,-0.01071997559169431
-1.3973865970634738,0.2733484237259942,0,1,-5.445724289546005,-5.848236403816745,1.6201061394586438,-0.0631798281664315,0.08524877135943626,1.1247441989017355,-0.18284989730929277,0.41492177982084116,0.383021077424455,0.2733484237259942,0.2733484237259942,0.383021077424455,0.2733484237259942,0.14875658464168265,0.2687565846416826,-0.03190070239638615,-0.025141419512228817
